"Loop_ID" "CAPSULE_FILE" "DT_dist_THRESHOLD" "MAX_INTERACTION_GAP" "DISAGREEMENT_THRESH" "DT_frame_THRESHOLD" "trim_length_sec" "beta" "classifier" "CSI_pre_classifier" "Fbeta_pre_classifier" "precision_pre_classifier" "sensitivity_pre_classifier" "CSI_training" "Fbeta_training" "precision_training" "sensitivity_training" "CSI_test" "Fbeta_test" "precision_test" "sensitivity_test"
1 "CapsuleDef3" 0.2 25 0.5 40 3 0.5 "fit_RF_all" 0.0508938339165459 0.0634285453999301 0.0515640090272669 0.796575448361163 0.579 0.769 0.796 0.679 0.261 0.612 0.899 0.269
1 "CapsuleDef3" 0.2 25 0.5 40 3 0.5 "fit_RF_sbc" 0.0508938339165459 0.0634285453999301 0.0515640090272669 0.796575448361163 0.222 0.275 0.237 0.776 0.179 0.225 0.192 0.718
1 "CapsuleDef3" 0.2 25 0.5 40 3 0.5 "fit_RF_ros" 0.0508938339165459 0.0634285453999301 0.0515640090272669 0.796575448361163 0.579 0.769 0.796 0.679 0.229 0.526 0.727 0.25
1 "CapsuleDef3" 0.2 25 0.5 40 3 0.5 "fit_RF_rus" 0.0508938339165459 0.0634285453999301 0.0515640090272669 0.796575448361163 0.428 0.533 0.497 0.754 0.384 0.506 0.478 0.663
1 "CapsuleDef3" 0.2 25 0.5 40 3 0.5 "fit_RF_smote" 0.0508938339165459 0.0634285453999301 0.0515640090272669 0.796575448361163 0.579 0.769 0.796 0.679 0.417 0.635 0.671 0.525
1 "CapsuleDef3" 0.2 25 0.5 40 3 0.5 "fit_RF_borderline_smote_type1" 0.0508938339165459 0.0634285453999301 0.0515640090272669 0.796575448361163 0.579 0.769 0.796 0.679 0.328 0.607 0.718 0.376
1 "CapsuleDef3" 0.2 25 0.5 40 3 0.5 "fit_RF_borderline_smote_type2" 0.0508938339165459 0.0634285453999301 0.0515640090272669 0.796575448361163 0.579 0.769 0.796 0.679 0.301 0.598 0.742 0.337
1 "CapsuleDef3" 0.2 25 0.5 40 3 0.5 "fit_SVM_all" 0.0508938339165459 0.0634285453999301 0.0515640090272669 0.796575448361163 0.493 0.699 0.726 0.606 0.218 0.496 0.67 0.244
1 "CapsuleDef3" 0.2 25 0.5 40 3 0.5 "fit_SVM_sbc" 0.0508938339165459 0.0634285453999301 0.0515640090272669 0.796575448361163 0.182 0.225 0.191 0.795 0.144 0.181 0.152 0.716
1 "CapsuleDef3" 0.2 25 0.5 40 3 0.5 "fit_SVM_ros" 0.0508938339165459 0.0634285453999301 0.0515640090272669 0.796575448361163 0.532 0.679 0.669 0.722 0.257 0.454 0.491 0.35
1 "CapsuleDef3" 0.2 25 0.5 40 3 0.5 "fit_SVM_rus" 0.0508938339165459 0.0634285453999301 0.0515640090272669 0.796575448361163 0.236 0.293 0.253 0.779 0.197 0.249 0.215 0.702
1 "CapsuleDef3" 0.2 25 0.5 40 3 0.5 "fit_SVM_smote" 0.0508938339165459 0.0634285453999301 0.0515640090272669 0.796575448361163 0.517 0.659 0.645 0.722 0.266 0.462 0.495 0.366
1 "CapsuleDef3" 0.2 25 0.5 40 3 0.5 "fit_SVM_borderline_smote_type1" 0.0508938339165459 0.0634285453999301 0.0515640090272669 0.796575448361163 0.514 0.67 0.665 0.693 0.271 0.476 0.515 0.364
1 "CapsuleDef3" 0.2 25 0.5 40 3 0.5 "fit_SVM_borderline_smote_type2" 0.0508938339165459 0.0634285453999301 0.0515640090272669 0.796575448361163 0.514 0.67 0.665 0.693 0.261 0.466 0.509 0.35
2 "CapsuleDef3" 0.2 25 0.5 40 4 0.5 "fit_RF_all" 0.0508938339165459 0.0634285453999301 0.0515640090272669 0.796575448361163 0.579 0.769 0.796 0.679 0.26 0.609 0.89 0.269
2 "CapsuleDef3" 0.2 25 0.5 40 4 0.5 "fit_RF_sbc" 0.0508938339165459 0.0634285453999301 0.0515640090272669 0.796575448361163 0.211 0.261 0.223 0.798 0.158 0.2 0.169 0.712
2 "CapsuleDef3" 0.2 25 0.5 40 4 0.5 "fit_RF_ros" 0.0508938339165459 0.0634285453999301 0.0515640090272669 0.796575448361163 0.579 0.769 0.796 0.679 0.341 0.615 0.715 0.395
2 "CapsuleDef3" 0.2 25 0.5 40 4 0.5 "fit_RF_rus" 0.0508938339165459 0.0634285453999301 0.0515640090272669 0.796575448361163 0.399 0.496 0.456 0.762 0.297 0.406 0.378 0.581
2 "CapsuleDef3" 0.2 25 0.5 40 4 0.5 "fit_RF_smote" 0.0508938339165459 0.0634285453999301 0.0515640090272669 0.796575448361163 0.579 0.769 0.796 0.679 0.379 0.588 0.616 0.497
2 "CapsuleDef3" 0.2 25 0.5 40 4 0.5 "fit_RF_borderline_smote_type1" 0.0508938339165459 0.0634285453999301 0.0515640090272669 0.796575448361163 0.579 0.769 0.796 0.679 0.45 0.671 0.709 0.553
2 "CapsuleDef3" 0.2 25 0.5 40 4 0.5 "fit_RF_borderline_smote_type2" 0.0508938339165459 0.0634285453999301 0.0515640090272669 0.796575448361163 0.579 0.769 0.796 0.679 0.411 0.666 0.736 0.482
2 "CapsuleDef3" 0.2 25 0.5 40 4 0.5 "fit_SVM_all" 0.0508938339165459 0.0634285453999301 0.0515640090272669 0.796575448361163 0.539 0.718 0.731 0.672 0.212 0.469 0.608 0.245
2 "CapsuleDef3" 0.2 25 0.5 40 4 0.5 "fit_SVM_sbc" 0.0508938339165459 0.0634285453999301 0.0515640090272669 0.796575448361163 0.205 0.254 0.217 0.795 0.162 0.204 0.173 0.711
2 "CapsuleDef3" 0.2 25 0.5 40 4 0.5 "fit_SVM_ros" 0.0508938339165459 0.0634285453999301 0.0515640090272669 0.796575448361163 0.524 0.693 0.697 0.679 0.199 0.423 0.519 0.244
2 "CapsuleDef3" 0.2 25 0.5 40 4 0.5 "fit_SVM_rus" 0.0508938339165459 0.0634285453999301 0.0515640090272669 0.796575448361163 0.358 0.445 0.404 0.759 0.285 0.375 0.34 0.637
2 "CapsuleDef3" 0.2 25 0.5 40 4 0.5 "fit_SVM_smote" 0.0508938339165459 0.0634285453999301 0.0515640090272669 0.796575448361163 0.513 0.678 0.678 0.679 0.311 0.543 0.601 0.391
2 "CapsuleDef3" 0.2 25 0.5 40 4 0.5 "fit_SVM_borderline_smote_type1" 0.0508938339165459 0.0634285453999301 0.0515640090272669 0.796575448361163 0.543 0.719 0.73 0.679 0.22 0.473 0.598 0.258
2 "CapsuleDef3" 0.2 25 0.5 40 4 0.5 "fit_SVM_borderline_smote_type2" 0.0508938339165459 0.0634285453999301 0.0515640090272669 0.796575448361163 0.541 0.719 0.73 0.676 0.282 0.522 0.595 0.35
3 "CapsuleDef3" 0.2 25 0.5 40 6 0.5 "fit_RF_all" 0.0508938339165459 0.0634285453999301 0.0515640090272669 0.796575448361163 0.579 0.769 0.796 0.679 0.219 0.551 0.857 0.227
3 "CapsuleDef3" 0.2 25 0.5 40 6 0.5 "fit_RF_sbc" 0.0508938339165459 0.0634285453999301 0.0515640090272669 0.796575448361163 0.305 0.377 0.334 0.776 0.264 0.336 0.297 0.707
3 "CapsuleDef3" 0.2 25 0.5 40 6 0.5 "fit_RF_ros" 0.0508938339165459 0.0634285453999301 0.0515640090272669 0.796575448361163 0.577 0.768 0.794 0.679 0.376 0.628 0.697 0.45
3 "CapsuleDef3" 0.2 25 0.5 40 6 0.5 "fit_RF_rus" 0.0508938339165459 0.0634285453999301 0.0515640090272669 0.796575448361163 0.255 0.316 0.275 0.773 0.204 0.269 0.236 0.603
3 "CapsuleDef3" 0.2 25 0.5 40 6 0.5 "fit_RF_smote" 0.0508938339165459 0.0634285453999301 0.0515640090272669 0.796575448361163 0.578 0.769 0.795 0.679 0.392 0.61 0.645 0.5
3 "CapsuleDef3" 0.2 25 0.5 40 6 0.5 "fit_RF_borderline_smote_type1" 0.0508938339165459 0.0634285453999301 0.0515640090272669 0.796575448361163 0.579 0.769 0.796 0.679 0.398 0.64 0.699 0.48
3 "CapsuleDef3" 0.2 25 0.5 40 6 0.5 "fit_RF_borderline_smote_type2" 0.0508938339165459 0.0634285453999301 0.0515640090272669 0.796575448361163 0.579 0.769 0.796 0.679 0.387 0.651 0.733 0.451
3 "CapsuleDef3" 0.2 25 0.5 40 6 0.5 "fit_SVM_all" 0.0508938339165459 0.0634285453999301 0.0515640090272669 0.796575448361163 0.54 0.718 0.729 0.676 0.25 0.551 0.736 0.274
3 "CapsuleDef3" 0.2 25 0.5 40 6 0.5 "fit_SVM_sbc" 0.0508938339165459 0.0634285453999301 0.0515640090272669 0.796575448361163 0.239 0.296 0.256 0.783 0.182 0.232 0.2 0.681
3 "CapsuleDef3" 0.2 25 0.5 40 6 0.5 "fit_SVM_ros" 0.0508938339165459 0.0634285453999301 0.0515640090272669 0.796575448361163 0.523 0.692 0.695 0.679 0.256 0.465 0.512 0.339
3 "CapsuleDef3" 0.2 25 0.5 40 6 0.5 "fit_SVM_rus" 0.0508938339165459 0.0634285453999301 0.0515640090272669 0.796575448361163 0.35 0.432 0.389 0.781 0.262 0.347 0.313 0.616
3 "CapsuleDef3" 0.2 25 0.5 40 6 0.5 "fit_SVM_smote" 0.0508938339165459 0.0634285453999301 0.0515640090272669 0.796575448361163 0.488 0.635 0.621 0.695 0.248 0.502 0.61 0.295
3 "CapsuleDef3" 0.2 25 0.5 40 6 0.5 "fit_SVM_borderline_smote_type1" 0.0508938339165459 0.0634285453999301 0.0515640090272669 0.796575448361163 0.505 0.668 0.666 0.676 0.261 0.559 0.729 0.289
3 "CapsuleDef3" 0.2 25 0.5 40 6 0.5 "fit_SVM_borderline_smote_type2" 0.0508938339165459 0.0634285453999301 0.0515640090272669 0.796575448361163 0.522 0.69 0.693 0.679 0.24 0.487 0.587 0.289
4 "CapsuleDef3" 0.2 25 0.5 48 3 0.5 "fit_RF_all" 0.0508938339165459 0.0634285453999301 0.0515640090272669 0.796575448361163 0.579 0.769 0.796 0.679 0.21 0.546 0.887 0.215
4 "CapsuleDef3" 0.2 25 0.5 48 3 0.5 "fit_RF_sbc" 0.0508938339165459 0.0634285453999301 0.0515640090272669 0.796575448361163 0.249 0.31 0.269 0.768 0.21 0.269 0.233 0.682
4 "CapsuleDef3" 0.2 25 0.5 48 3 0.5 "fit_RF_ros" 0.0508938339165459 0.0634285453999301 0.0515640090272669 0.796575448361163 0.579 0.769 0.796 0.679 0.386 0.646 0.722 0.453
4 "CapsuleDef3" 0.2 25 0.5 48 3 0.5 "fit_RF_rus" 0.0508938339165459 0.0634285453999301 0.0515640090272669 0.796575448361163 0.41 0.52 0.486 0.726 0.355 0.465 0.433 0.663
4 "CapsuleDef3" 0.2 25 0.5 48 3 0.5 "fit_RF_smote" 0.0508938339165459 0.0634285453999301 0.0515640090272669 0.796575448361163 0.579 0.769 0.796 0.679 0.418 0.643 0.684 0.518
4 "CapsuleDef3" 0.2 25 0.5 48 3 0.5 "fit_RF_borderline_smote_type1" 0.0508938339165459 0.0634285453999301 0.0515640090272669 0.796575448361163 0.579 0.769 0.796 0.679 0.396 0.664 0.749 0.457
4 "CapsuleDef3" 0.2 25 0.5 48 3 0.5 "fit_RF_borderline_smote_type2" 0.0508938339165459 0.0634285453999301 0.0515640090272669 0.796575448361163 0.579 0.769 0.796 0.679 0.333 0.625 0.751 0.375
4 "CapsuleDef3" 0.2 25 0.5 48 3 0.5 "fit_SVM_all" 0.0508938339165459 0.0634285453999301 0.0515640090272669 0.796575448361163 0.509 0.742 0.794 0.587 0.256 0.494 0.576 0.315
4 "CapsuleDef3" 0.2 25 0.5 48 3 0.5 "fit_SVM_sbc" 0.0508938339165459 0.0634285453999301 0.0515640090272669 0.796575448361163 0.221 0.275 0.237 0.768 0.166 0.211 0.18 0.669
4 "CapsuleDef3" 0.2 25 0.5 48 3 0.5 "fit_SVM_ros" 0.0508938339165459 0.0634285453999301 0.0515640090272669 0.796575448361163 0.542 0.692 0.685 0.722 0.301 0.48 0.492 0.436
4 "CapsuleDef3" 0.2 25 0.5 48 3 0.5 "fit_SVM_rus" 0.0508938339165459 0.0634285453999301 0.0515640090272669 0.796575448361163 0.219 0.274 0.237 0.749 0.166 0.211 0.179 0.696
4 "CapsuleDef3" 0.2 25 0.5 48 3 0.5 "fit_SVM_smote" 0.0508938339165459 0.0634285453999301 0.0515640090272669 0.796575448361163 0.527 0.664 0.648 0.738 0.362 0.54 0.546 0.518
4 "CapsuleDef3" 0.2 25 0.5 48 3 0.5 "fit_SVM_borderline_smote_type1" 0.0508938339165459 0.0634285453999301 0.0515640090272669 0.796575448361163 0.519 0.674 0.668 0.7 0.359 0.569 0.6 0.473
4 "CapsuleDef3" 0.2 25 0.5 48 3 0.5 "fit_SVM_borderline_smote_type2" 0.0508938339165459 0.0634285453999301 0.0515640090272669 0.796575448361163 0.527 0.685 0.681 0.7 0.328 0.55 0.595 0.422
5 "CapsuleDef3" 0.2 25 0.5 48 4 0.5 "fit_RF_all" 0.0508938339165459 0.0634285453999301 0.0515640090272669 0.796575448361163 0.579 0.769 0.796 0.679 0.215 0.548 0.864 0.222
5 "CapsuleDef3" 0.2 25 0.5 48 4 0.5 "fit_RF_sbc" 0.0508938339165459 0.0634285453999301 0.0515640090272669 0.796575448361163 0.279 0.346 0.304 0.773 0.222 0.285 0.249 0.672
5 "CapsuleDef3" 0.2 25 0.5 48 4 0.5 "fit_RF_ros" 0.0508938339165459 0.0634285453999301 0.0515640090272669 0.796575448361163 0.579 0.769 0.796 0.679 0.308 0.618 0.781 0.337
5 "CapsuleDef3" 0.2 25 0.5 48 4 0.5 "fit_RF_rus" 0.0508938339165459 0.0634285453999301 0.0515640090272669 0.796575448361163 0.306 0.38 0.337 0.769 0.33 0.433 0.399 0.658
5 "CapsuleDef3" 0.2 25 0.5 48 4 0.5 "fit_RF_smote" 0.0508938339165459 0.0634285453999301 0.0515640090272669 0.796575448361163 0.579 0.769 0.796 0.679 0.361 0.593 0.643 0.452
5 "CapsuleDef3" 0.2 25 0.5 48 4 0.5 "fit_RF_borderline_smote_type1" 0.0508938339165459 0.0634285453999301 0.0515640090272669 0.796575448361163 0.579 0.769 0.796 0.679 0.337 0.628 0.751 0.379
5 "CapsuleDef3" 0.2 25 0.5 48 4 0.5 "fit_RF_borderline_smote_type2" 0.0508938339165459 0.0634285453999301 0.0515640090272669 0.796575448361163 0.579 0.769 0.796 0.679 0.231 0.568 0.865 0.239
5 "CapsuleDef3" 0.2 25 0.5 48 4 0.5 "fit_SVM_all" 0.0508938339165459 0.0634285453999301 0.0515640090272669 0.796575448361163 0.561 0.76 0.791 0.658 0.257 0.479 0.541 0.328
5 "CapsuleDef3" 0.2 25 0.5 48 4 0.5 "fit_SVM_sbc" 0.0508938339165459 0.0634285453999301 0.0515640090272669 0.796575448361163 0.221 0.274 0.235 0.781 0.165 0.213 0.183 0.623
5 "CapsuleDef3" 0.2 25 0.5 48 4 0.5 "fit_SVM_ros" 0.0508938339165459 0.0634285453999301 0.0515640090272669 0.796575448361163 0.579 0.769 0.796 0.679 0.266 0.486 0.542 0.343
5 "CapsuleDef3" 0.2 25 0.5 48 4 0.5 "fit_SVM_rus" 0.0508938339165459 0.0634285453999301 0.0515640090272669 0.796575448361163 0.296 0.367 0.325 0.772 0.226 0.292 0.256 0.658
5 "CapsuleDef3" 0.2 25 0.5 48 4 0.5 "fit_SVM_smote" 0.0508938339165459 0.0634285453999301 0.0515640090272669 0.796575448361163 0.516 0.682 0.683 0.679 0.291 0.53 0.6 0.362
5 "CapsuleDef3" 0.2 25 0.5 48 4 0.5 "fit_SVM_borderline_smote_type1" 0.0508938339165459 0.0634285453999301 0.0515640090272669 0.796575448361163 0.525 0.695 0.698 0.679 0.258 0.459 0.498 0.35
5 "CapsuleDef3" 0.2 25 0.5 48 4 0.5 "fit_SVM_borderline_smote_type2" 0.0508938339165459 0.0634285453999301 0.0515640090272669 0.796575448361163 0.579 0.769 0.796 0.679 0.267 0.487 0.544 0.343
6 "CapsuleDef3" 0.2 25 0.5 48 6 0.5 "fit_RF_all" 0.0508938339165459 0.0634285453999301 0.0515640090272669 0.796575448361163 0.579 0.769 0.796 0.679 0.238 0.525 0.694 0.266
6 "CapsuleDef3" 0.2 25 0.5 48 6 0.5 "fit_RF_sbc" 0.0508938339165459 0.0634285453999301 0.0515640090272669 0.796575448361163 0.212 0.262 0.224 0.798 0.16 0.201 0.17 0.721
6 "CapsuleDef3" 0.2 25 0.5 48 6 0.5 "fit_RF_ros" 0.0508938339165459 0.0634285453999301 0.0515640090272669 0.796575448361163 0.577 0.768 0.794 0.679 0.366 0.606 0.664 0.45
6 "CapsuleDef3" 0.2 25 0.5 48 6 0.5 "fit_RF_rus" 0.0508938339165459 0.0634285453999301 0.0515640090272669 0.796575448361163 0.296 0.369 0.327 0.758 0.335 0.438 0.403 0.663
6 "CapsuleDef3" 0.2 25 0.5 48 6 0.5 "fit_RF_smote" 0.0508938339165459 0.0634285453999301 0.0515640090272669 0.796575448361163 0.578 0.768 0.794 0.679 0.376 0.609 0.658 0.467
6 "CapsuleDef3" 0.2 25 0.5 48 6 0.5 "fit_RF_borderline_smote_type1" 0.0508938339165459 0.0634285453999301 0.0515640090272669 0.796575448361163 0.579 0.769 0.796 0.679 0.338 0.628 0.75 0.381
6 "CapsuleDef3" 0.2 25 0.5 48 6 0.5 "fit_RF_borderline_smote_type2" 0.0508938339165459 0.0634285453999301 0.0515640090272669 0.796575448361163 0.579 0.769 0.796 0.679 0.368 0.629 0.709 0.433
6 "CapsuleDef3" 0.2 25 0.5 48 6 0.5 "fit_SVM_all" 0.0508938339165459 0.0634285453999301 0.0515640090272669 0.796575448361163 0.542 0.718 0.729 0.679 0.28 0.578 0.736 0.311
6 "CapsuleDef3" 0.2 25 0.5 48 6 0.5 "fit_SVM_sbc" 0.0508938339165459 0.0634285453999301 0.0515640090272669 0.796575448361163 0.204 0.252 0.216 0.799 0.155 0.197 0.168 0.68
6 "CapsuleDef3" 0.2 25 0.5 48 6 0.5 "fit_SVM_ros" 0.0508938339165459 0.0634285453999301 0.0515640090272669 0.796575448361163 0.542 0.718 0.729 0.679 0.276 0.581 0.752 0.304
6 "CapsuleDef3" 0.2 25 0.5 48 6 0.5 "fit_SVM_rus" 0.0508938339165459 0.0634285453999301 0.0515640090272669 0.796575448361163 0.321 0.4 0.357 0.757 0.234 0.31 0.276 0.606
6 "CapsuleDef3" 0.2 25 0.5 48 6 0.5 "fit_SVM_smote" 0.0508938339165459 0.0634285453999301 0.0515640090272669 0.796575448361163 0.498 0.656 0.651 0.679 0.268 0.525 0.626 0.319
6 "CapsuleDef3" 0.2 25 0.5 48 6 0.5 "fit_SVM_borderline_smote_type1" 0.0508938339165459 0.0634285453999301 0.0515640090272669 0.796575448361163 0.543 0.719 0.73 0.679 0.269 0.575 0.753 0.295
6 "CapsuleDef3" 0.2 25 0.5 48 6 0.5 "fit_SVM_borderline_smote_type2" 0.0508938339165459 0.0634285453999301 0.0515640090272669 0.796575448361163 0.523 0.692 0.695 0.679 0.276 0.581 0.752 0.304
7 "CapsuleDef3" 0.4 25 0.5 40 3 0.5 "fit_RF_all" 0.0508938339165459 0.0634285453999301 0.0515640090272669 0.796575448361163 0.579 0.769 0.796 0.679 0.24 0.511 0.649 0.275
7 "CapsuleDef3" 0.4 25 0.5 40 3 0.5 "fit_RF_sbc" 0.0508938339165459 0.0634285453999301 0.0515640090272669 0.796575448361163 0.199 0.247 0.211 0.773 0.18 0.23 0.197 0.672
7 "CapsuleDef3" 0.4 25 0.5 40 3 0.5 "fit_RF_ros" 0.0508938339165459 0.0634285453999301 0.0515640090272669 0.796575448361163 0.579 0.769 0.796 0.679 0.353 0.628 0.727 0.407
7 "CapsuleDef3" 0.4 25 0.5 40 3 0.5 "fit_RF_rus" 0.0508938339165459 0.0634285453999301 0.0515640090272669 0.796575448361163 0.261 0.324 0.283 0.769 0.23 0.299 0.263 0.647
7 "CapsuleDef3" 0.4 25 0.5 40 3 0.5 "fit_RF_smote" 0.0508938339165459 0.0634285453999301 0.0515640090272669 0.796575448361163 0.579 0.769 0.796 0.679 0.456 0.649 0.666 0.59
7 "CapsuleDef3" 0.4 25 0.5 40 3 0.5 "fit_RF_borderline_smote_type1" 0.0508938339165459 0.0634285453999301 0.0515640090272669 0.796575448361163 0.579 0.769 0.796 0.679 0.346 0.629 0.739 0.395
7 "CapsuleDef3" 0.4 25 0.5 40 3 0.5 "fit_RF_borderline_smote_type2" 0.0508938339165459 0.0634285453999301 0.0515640090272669 0.796575448361163 0.579 0.769 0.796 0.679 0.337 0.627 0.749 0.38
7 "CapsuleDef3" 0.4 25 0.5 40 3 0.5 "fit_SVM_all" 0.0508938339165459 0.0634285453999301 0.0515640090272669 0.796575448361163 0.515 0.739 0.784 0.6 0.258 0.533 0.665 0.297
7 "CapsuleDef3" 0.4 25 0.5 40 3 0.5 "fit_SVM_sbc" 0.0508938339165459 0.0634285453999301 0.0515640090272669 0.796575448361163 0.168 0.209 0.177 0.78 0.147 0.19 0.162 0.605
7 "CapsuleDef3" 0.4 25 0.5 40 3 0.5 "fit_SVM_ros" 0.0508938339165459 0.0634285453999301 0.0515640090272669 0.796575448361163 0.57 0.747 0.762 0.693 0.388 0.619 0.667 0.481
7 "CapsuleDef3" 0.4 25 0.5 40 3 0.5 "fit_SVM_rus" 0.0508938339165459 0.0634285453999301 0.0515640090272669 0.796575448361163 0.218 0.27 0.232 0.777 0.163 0.213 0.183 0.601
7 "CapsuleDef3" 0.4 25 0.5 40 3 0.5 "fit_SVM_smote" 0.0508938339165459 0.0634285453999301 0.0515640090272669 0.796575448361163 0.566 0.706 0.695 0.752 0.347 0.533 0.546 0.488
7 "CapsuleDef3" 0.4 25 0.5 40 3 0.5 "fit_SVM_borderline_smote_type1" 0.0508938339165459 0.0634285453999301 0.0515640090272669 0.796575448361163 0.52 0.698 0.708 0.661 0.38 0.634 0.704 0.453
7 "CapsuleDef3" 0.4 25 0.5 40 3 0.5 "fit_SVM_borderline_smote_type2" 0.0508938339165459 0.0634285453999301 0.0515640090272669 0.796575448361163 0.575 0.743 0.752 0.709 0.312 0.561 0.638 0.379
8 "CapsuleDef3" 0.4 25 0.5 40 4 0.5 "fit_RF_all" 0.0508938339165459 0.0634285453999301 0.0515640090272669 0.796575448361163 0.579 0.769 0.796 0.679 0.212 0.539 0.844 0.22
8 "CapsuleDef3" 0.4 25 0.5 40 4 0.5 "fit_RF_sbc" 0.0508938339165459 0.0634285453999301 0.0515640090272669 0.796575448361163 0.268 0.333 0.292 0.762 0.206 0.274 0.242 0.579
8 "CapsuleDef3" 0.4 25 0.5 40 4 0.5 "fit_RF_ros" 0.0508938339165459 0.0634285453999301 0.0515640090272669 0.796575448361163 0.579 0.769 0.796 0.679 0.279 0.59 0.771 0.304
8 "CapsuleDef3" 0.4 25 0.5 40 4 0.5 "fit_RF_rus" 0.0508938339165459 0.0634285453999301 0.0515640090272669 0.796575448361163 0.283 0.352 0.31 0.765 0.249 0.323 0.287 0.651
8 "CapsuleDef3" 0.4 25 0.5 40 4 0.5 "fit_RF_smote" 0.0508938339165459 0.0634285453999301 0.0515640090272669 0.796575448361163 0.579 0.769 0.796 0.679 0.442 0.637 0.654 0.576
8 "CapsuleDef3" 0.4 25 0.5 40 4 0.5 "fit_RF_borderline_smote_type1" 0.0508938339165459 0.0634285453999301 0.0515640090272669 0.796575448361163 0.577 0.768 0.794 0.679 0.347 0.63 0.74 0.395
8 "CapsuleDef3" 0.4 25 0.5 40 4 0.5 "fit_RF_borderline_smote_type2" 0.0508938339165459 0.0634285453999301 0.0515640090272669 0.796575448361163 0.577 0.768 0.794 0.679 0.319 0.607 0.73 0.362
8 "CapsuleDef3" 0.4 25 0.5 40 4 0.5 "fit_SVM_all" 0.0508938339165459 0.0634285453999301 0.0515640090272669 0.796575448361163 0.515 0.737 0.781 0.603 0.213 0.503 0.705 0.234
8 "CapsuleDef3" 0.4 25 0.5 40 4 0.5 "fit_SVM_sbc" 0.0508938339165459 0.0634285453999301 0.0515640090272669 0.796575448361163 0.122 0.152 0.126 0.768 0.085 0.107 0.089 0.674
8 "CapsuleDef3" 0.4 25 0.5 40 4 0.5 "fit_SVM_ros" 0.0508938339165459 0.0634285453999301 0.0515640090272669 0.796575448361163 0.568 0.754 0.776 0.679 0.253 0.519 0.64 0.295
8 "CapsuleDef3" 0.4 25 0.5 40 4 0.5 "fit_SVM_rus" 0.0508938339165459 0.0634285453999301 0.0515640090272669 0.796575448361163 0.189 0.235 0.2 0.783 0.112 0.143 0.12 0.602
8 "CapsuleDef3" 0.4 25 0.5 40 4 0.5 "fit_SVM_smote" 0.0508938339165459 0.0634285453999301 0.0515640090272669 0.796575448361163 0.57 0.728 0.73 0.722 0.34 0.542 0.568 0.458
8 "CapsuleDef3" 0.4 25 0.5 40 4 0.5 "fit_SVM_borderline_smote_type1" 0.0508938339165459 0.0634285453999301 0.0515640090272669 0.796575448361163 0.522 0.709 0.725 0.651 0.336 0.588 0.664 0.405
8 "CapsuleDef3" 0.4 25 0.5 40 4 0.5 "fit_SVM_borderline_smote_type2" 0.0508938339165459 0.0634285453999301 0.0515640090272669 0.796575448361163 0.575 0.768 0.795 0.676 0.32 0.582 0.671 0.379
9 "CapsuleDef3" 0.4 25 0.5 40 6 0.5 "fit_RF_all" 0.0508938339165459 0.0634285453999301 0.0515640090272669 0.796575448361163 0.577 0.767 0.792 0.679 0.217 0.545 0.841 0.226
9 "CapsuleDef3" 0.4 25 0.5 40 6 0.5 "fit_RF_sbc" 0.0508938339165459 0.0634285453999301 0.0515640090272669 0.796575448361163 0.231 0.287 0.248 0.768 0.186 0.237 0.203 0.684
9 "CapsuleDef3" 0.4 25 0.5 40 6 0.5 "fit_RF_ros" 0.0508938339165459 0.0634285453999301 0.0515640090272669 0.796575448361163 0.579 0.769 0.796 0.679 0.356 0.629 0.724 0.413
9 "CapsuleDef3" 0.4 25 0.5 40 6 0.5 "fit_RF_rus" 0.0508938339165459 0.0634285453999301 0.0515640090272669 0.796575448361163 0.238 0.297 0.257 0.762 0.212 0.271 0.236 0.672
9 "CapsuleDef3" 0.4 25 0.5 40 6 0.5 "fit_RF_smote" 0.0508938339165459 0.0634285453999301 0.0515640090272669 0.796575448361163 0.578 0.768 0.794 0.679 0.42 0.64 0.677 0.526
9 "CapsuleDef3" 0.4 25 0.5 40 6 0.5 "fit_RF_borderline_smote_type1" 0.0508938339165459 0.0634285453999301 0.0515640090272669 0.796575448361163 0.579 0.769 0.796 0.679 0.338 0.609 0.704 0.395
9 "CapsuleDef3" 0.4 25 0.5 40 6 0.5 "fit_RF_borderline_smote_type2" 0.0508938339165459 0.0634285453999301 0.0515640090272669 0.796575448361163 0.577 0.768 0.794 0.679 0.34 0.613 0.712 0.395
9 "CapsuleDef3" 0.4 25 0.5 40 6 0.5 "fit_SVM_all" 0.0508938339165459 0.0634285453999301 0.0515640090272669 0.796575448361163 0.57 0.766 0.796 0.668 0.222 0.522 0.738 0.241
9 "CapsuleDef3" 0.4 25 0.5 40 6 0.5 "fit_SVM_sbc" 0.0508938339165459 0.0634285453999301 0.0515640090272669 0.796575448361163 0.161 0.199 0.168 0.791 0.101 0.128 0.106 0.707
9 "CapsuleDef3" 0.4 25 0.5 40 6 0.5 "fit_SVM_ros" 0.0508938339165459 0.0634285453999301 0.0515640090272669 0.796575448361163 0.568 0.754 0.776 0.679 0.235 0.531 0.719 0.259
9 "CapsuleDef3" 0.4 25 0.5 40 6 0.5 "fit_SVM_rus" 0.0508938339165459 0.0634285453999301 0.0515640090272669 0.796575448361163 0.269 0.335 0.293 0.767 0.167 0.215 0.184 0.645
9 "CapsuleDef3" 0.4 25 0.5 40 6 0.5 "fit_SVM_smote" 0.0508938339165459 0.0634285453999301 0.0515640090272669 0.796575448361163 0.567 0.752 0.773 0.679 0.357 0.574 0.611 0.462
9 "CapsuleDef3" 0.4 25 0.5 40 6 0.5 "fit_SVM_borderline_smote_type1" 0.0508938339165459 0.0634285453999301 0.0515640090272669 0.796575448361163 0.571 0.758 0.781 0.679 0.39 0.641 0.708 0.465
9 "CapsuleDef3" 0.4 25 0.5 40 6 0.5 "fit_SVM_borderline_smote_type2" 0.0508938339165459 0.0634285453999301 0.0515640090272669 0.796575448361163 0.579 0.769 0.796 0.679 0.294 0.56 0.661 0.346
10 "CapsuleDef3" 0.4 25 0.5 48 3 0.5 "fit_RF_all" 0.0508938339165459 0.0634285453999301 0.0515640090272669 0.796575448361163 0.579 0.769 0.796 0.679 0.142 0.408 0.711 0.151
10 "CapsuleDef3" 0.4 25 0.5 48 3 0.5 "fit_RF_sbc" 0.0508938339165459 0.0634285453999301 0.0515640090272669 0.796575448361163 0.194 0.241 0.206 0.776 0.161 0.205 0.174 0.669
10 "CapsuleDef3" 0.4 25 0.5 48 3 0.5 "fit_RF_ros" 0.0508938339165459 0.0634285453999301 0.0515640090272669 0.796575448361163 0.579 0.769 0.796 0.679 0.284 0.609 0.813 0.304
10 "CapsuleDef3" 0.4 25 0.5 48 3 0.5 "fit_RF_rus" 0.0508938339165459 0.0634285453999301 0.0515640090272669 0.796575448361163 0.261 0.324 0.283 0.77 0.201 0.264 0.232 0.599
10 "CapsuleDef3" 0.4 25 0.5 48 3 0.5 "fit_RF_smote" 0.0508938339165459 0.0634285453999301 0.0515640090272669 0.796575448361163 0.579 0.769 0.796 0.679 0.483 0.686 0.711 0.601
10 "CapsuleDef3" 0.4 25 0.5 48 3 0.5 "fit_RF_borderline_smote_type1" 0.0508938339165459 0.0634285453999301 0.0515640090272669 0.796575448361163 0.579 0.769 0.796 0.679 0.361 0.634 0.728 0.417
10 "CapsuleDef3" 0.4 25 0.5 48 3 0.5 "fit_RF_borderline_smote_type2" 0.0508938339165459 0.0634285453999301 0.0515640090272669 0.796575448361163 0.579 0.769 0.796 0.679 0.342 0.629 0.746 0.387
10 "CapsuleDef3" 0.4 25 0.5 48 3 0.5 "fit_SVM_all" 0.0508938339165459 0.0634285453999301 0.0515640090272669 0.796575448361163 0.577 0.769 0.797 0.676 0.26 0.521 0.632 0.306
10 "CapsuleDef3" 0.4 25 0.5 48 3 0.5 "fit_SVM_sbc" 0.0508938339165459 0.0634285453999301 0.0515640090272669 0.796575448361163 0.126 0.156 0.13 0.798 0.086 0.108 0.089 0.73
10 "CapsuleDef3" 0.4 25 0.5 48 3 0.5 "fit_SVM_ros" 0.0508938339165459 0.0634285453999301 0.0515640090272669 0.796575448361163 0.569 0.756 0.778 0.679 0.395 0.616 0.654 0.499
10 "CapsuleDef3" 0.4 25 0.5 48 3 0.5 "fit_SVM_rus" 0.0508938339165459 0.0634285453999301 0.0515640090272669 0.796575448361163 0.192 0.239 0.204 0.762 0.113 0.148 0.125 0.542
10 "CapsuleDef3" 0.4 25 0.5 48 3 0.5 "fit_SVM_smote" 0.0508938339165459 0.0634285453999301 0.0515640090272669 0.796575448361163 0.564 0.713 0.708 0.736 0.379 0.583 0.608 0.503
10 "CapsuleDef3" 0.4 25 0.5 48 3 0.5 "fit_SVM_borderline_smote_type1" 0.0508938339165459 0.0634285453999301 0.0515640090272669 0.796575448361163 0.543 0.702 0.701 0.706 0.396 0.625 0.669 0.493
10 "CapsuleDef3" 0.4 25 0.5 48 3 0.5 "fit_SVM_borderline_smote_type2" 0.0508938339165459 0.0634285453999301 0.0515640090272669 0.796575448361163 0.572 0.734 0.738 0.718 0.33 0.572 0.636 0.407
11 "CapsuleDef3" 0.4 25 0.5 48 4 0.5 "fit_RF_all" 0.0508938339165459 0.0634285453999301 0.0515640090272669 0.796575448361163 0.579 0.769 0.796 0.679 0.142 0.408 0.711 0.151
11 "CapsuleDef3" 0.4 25 0.5 48 4 0.5 "fit_RF_sbc" 0.0508938339165459 0.0634285453999301 0.0515640090272669 0.796575448361163 0.244 0.303 0.263 0.767 0.196 0.259 0.227 0.592
11 "CapsuleDef3" 0.4 25 0.5 48 4 0.5 "fit_RF_ros" 0.0508938339165459 0.0634285453999301 0.0515640090272669 0.796575448361163 0.579 0.769 0.796 0.679 0.28 0.595 0.782 0.304
11 "CapsuleDef3" 0.4 25 0.5 48 4 0.5 "fit_RF_rus" 0.0508938339165459 0.0634285453999301 0.0515640090272669 0.796575448361163 0.333 0.413 0.37 0.772 0.267 0.349 0.313 0.646
11 "CapsuleDef3" 0.4 25 0.5 48 4 0.5 "fit_RF_smote" 0.0508938339165459 0.0634285453999301 0.0515640090272669 0.796575448361163 0.579 0.769 0.796 0.679 0.477 0.674 0.694 0.604
11 "CapsuleDef3" 0.4 25 0.5 48 4 0.5 "fit_RF_borderline_smote_type1" 0.0508938339165459 0.0634285453999301 0.0515640090272669 0.796575448361163 0.579 0.769 0.796 0.679 0.334 0.607 0.706 0.388
11 "CapsuleDef3" 0.4 25 0.5 48 4 0.5 "fit_RF_borderline_smote_type2" 0.0508938339165459 0.0634285453999301 0.0515640090272669 0.796575448361163 0.579 0.769 0.796 0.679 0.348 0.633 0.745 0.395
11 "CapsuleDef3" 0.4 25 0.5 48 4 0.5 "fit_SVM_all" 0.0508938339165459 0.0634285453999301 0.0515640090272669 0.796575448361163 0.528 0.746 0.788 0.615 0.192 0.434 0.566 0.225
11 "CapsuleDef3" 0.4 25 0.5 48 4 0.5 "fit_SVM_sbc" 0.0508938339165459 0.0634285453999301 0.0515640090272669 0.796575448361163 0.106 0.131 0.109 0.781 0.075 0.094 0.078 0.667
11 "CapsuleDef3" 0.4 25 0.5 48 4 0.5 "fit_SVM_ros" 0.0508938339165459 0.0634285453999301 0.0515640090272669 0.796575448361163 0.568 0.744 0.758 0.693 0.192 0.405 0.489 0.24
11 "CapsuleDef3" 0.4 25 0.5 48 4 0.5 "fit_SVM_rus" 0.0508938339165459 0.0634285453999301 0.0515640090272669 0.796575448361163 0.188 0.234 0.199 0.775 0.113 0.145 0.122 0.629
11 "CapsuleDef3" 0.4 25 0.5 48 4 0.5 "fit_SVM_smote" 0.0508938339165459 0.0634285453999301 0.0515640090272669 0.796575448361163 0.55 0.702 0.697 0.722 0.339 0.53 0.548 0.47
11 "CapsuleDef3" 0.4 25 0.5 48 4 0.5 "fit_SVM_borderline_smote_type1" 0.0508938339165459 0.0634285453999301 0.0515640090272669 0.796575448361163 0.535 0.737 0.766 0.639 0.357 0.583 0.627 0.454
11 "CapsuleDef3" 0.4 25 0.5 48 4 0.5 "fit_SVM_borderline_smote_type2" 0.0508938339165459 0.0634285453999301 0.0515640090272669 0.796575448361163 0.566 0.755 0.778 0.674 0.279 0.517 0.59 0.346
12 "CapsuleDef3" 0.4 25 0.5 48 6 0.5 "fit_RF_all" 0.0508938339165459 0.0634285453999301 0.0515640090272669 0.796575448361163 0.578 0.768 0.794 0.679 0.157 0.421 0.669 0.17
12 "CapsuleDef3" 0.4 25 0.5 48 6 0.5 "fit_RF_sbc" 0.0508938339165459 0.0634285453999301 0.0515640090272669 0.796575448361163 0.257 0.321 0.281 0.756 0.228 0.297 0.262 0.631
12 "CapsuleDef3" 0.4 25 0.5 48 6 0.5 "fit_RF_ros" 0.0508938339165459 0.0634285453999301 0.0515640090272669 0.796575448361163 0.579 0.769 0.796 0.679 0.293 0.601 0.769 0.321
12 "CapsuleDef3" 0.4 25 0.5 48 6 0.5 "fit_RF_rus" 0.0508938339165459 0.0634285453999301 0.0515640090272669 0.796575448361163 0.256 0.32 0.279 0.758 0.192 0.254 0.223 0.582
12 "CapsuleDef3" 0.4 25 0.5 48 6 0.5 "fit_RF_smote" 0.0508938339165459 0.0634285453999301 0.0515640090272669 0.796575448361163 0.578 0.768 0.794 0.679 0.431 0.647 0.681 0.54
12 "CapsuleDef3" 0.4 25 0.5 48 6 0.5 "fit_RF_borderline_smote_type1" 0.0508938339165459 0.0634285453999301 0.0515640090272669 0.796575448361163 0.579 0.769 0.796 0.679 0.358 0.614 0.689 0.427
12 "CapsuleDef3" 0.4 25 0.5 48 6 0.5 "fit_RF_borderline_smote_type2" 0.0508938339165459 0.0634285453999301 0.0515640090272669 0.796575448361163 0.577 0.768 0.794 0.679 0.338 0.604 0.695 0.398
12 "CapsuleDef3" 0.4 25 0.5 48 6 0.5 "fit_SVM_all" 0.0508938339165459 0.0634285453999301 0.0515640090272669 0.796575448361163 0.57 0.766 0.796 0.668 0.227 0.539 0.774 0.244
12 "CapsuleDef3" 0.4 25 0.5 48 6 0.5 "fit_SVM_sbc" 0.0508938339165459 0.0634285453999301 0.0515640090272669 0.796575448361163 0.245 0.305 0.265 0.762 0.141 0.182 0.154 0.627
12 "CapsuleDef3" 0.4 25 0.5 48 6 0.5 "fit_SVM_ros" 0.0508938339165459 0.0634285453999301 0.0515640090272669 0.796575448361163 0.568 0.744 0.758 0.693 0.269 0.576 0.755 0.295
12 "CapsuleDef3" 0.4 25 0.5 48 6 0.5 "fit_SVM_rus" 0.0508938339165459 0.0634285453999301 0.0515640090272669 0.796575448361163 0.21 0.262 0.225 0.758 0.178 0.227 0.195 0.68
12 "CapsuleDef3" 0.4 25 0.5 48 6 0.5 "fit_SVM_smote" 0.0508938339165459 0.0634285453999301 0.0515640090272669 0.796575448361163 0.567 0.743 0.756 0.693 0.343 0.575 0.629 0.429
12 "CapsuleDef3" 0.4 25 0.5 48 6 0.5 "fit_SVM_borderline_smote_type1" 0.0508938339165459 0.0634285453999301 0.0515640090272669 0.796575448361163 0.568 0.754 0.776 0.679 0.371 0.626 0.698 0.442
12 "CapsuleDef3" 0.4 25 0.5 48 6 0.5 "fit_SVM_borderline_smote_type2" 0.0508938339165459 0.0634285453999301 0.0515640090272669 0.796575448361163 0.578 0.758 0.776 0.693 0.271 0.582 0.769 0.295
13 "CapsuleDef3" 0.2 30 0.5 40 3 0.5 "fit_RF_all" 0.0519372443627191 0.0645219675173144 0.0524118341168186 0.851538342609771 0.611 0.785 0.804 0.717 0.347 0.691 0.893 0.362
13 "CapsuleDef3" 0.2 30 0.5 40 3 0.5 "fit_RF_sbc" 0.0519372443627191 0.0645219675173144 0.0524118341168186 0.851538342609771 0.299 0.367 0.324 0.796 0.273 0.339 0.298 0.763
13 "CapsuleDef3" 0.2 30 0.5 40 3 0.5 "fit_RF_ros" 0.0519372443627191 0.0645219675173144 0.0524118341168186 0.851538342609771 0.611 0.785 0.804 0.717 0.447 0.695 0.758 0.522
13 "CapsuleDef3" 0.2 30 0.5 40 3 0.5 "fit_RF_rus" 0.0519372443627191 0.0645219675173144 0.0524118341168186 0.851538342609771 0.333 0.407 0.362 0.803 0.328 0.408 0.365 0.763
13 "CapsuleDef3" 0.2 30 0.5 40 3 0.5 "fit_RF_smote" 0.0519372443627191 0.0645219675173144 0.0524118341168186 0.851538342609771 0.611 0.785 0.804 0.717 0.484 0.632 0.619 0.69
13 "CapsuleDef3" 0.2 30 0.5 40 3 0.5 "fit_RF_borderline_smote_type1" 0.0519372443627191 0.0645219675173144 0.0524118341168186 0.851538342609771 0.611 0.785 0.804 0.717 0.462 0.687 0.729 0.557
13 "CapsuleDef3" 0.2 30 0.5 40 3 0.5 "fit_RF_borderline_smote_type2" 0.0519372443627191 0.0645219675173144 0.0524118341168186 0.851538342609771 0.611 0.785 0.804 0.717 0.453 0.7 0.762 0.527
13 "CapsuleDef3" 0.2 30 0.5 40 3 0.5 "fit_SVM_all" 0.0519372443627191 0.0645219675173144 0.0524118341168186 0.851538342609771 0.526 0.717 0.738 0.647 0.31 0.535 0.585 0.398
13 "CapsuleDef3" 0.2 30 0.5 40 3 0.5 "fit_SVM_sbc" 0.0519372443627191 0.0645219675173144 0.0524118341168186 0.851538342609771 0.249 0.303 0.261 0.836 0.201 0.25 0.213 0.782
13 "CapsuleDef3" 0.2 30 0.5 40 3 0.5 "fit_SVM_ros" 0.0519372443627191 0.0645219675173144 0.0524118341168186 0.851538342609771 0.552 0.685 0.669 0.759 0.391 0.597 0.623 0.512
13 "CapsuleDef3" 0.2 30 0.5 40 3 0.5 "fit_SVM_rus" 0.0519372443627191 0.0645219675173144 0.0524118341168186 0.851538342609771 0.376 0.46 0.416 0.799 0.335 0.416 0.374 0.764
13 "CapsuleDef3" 0.2 30 0.5 40 3 0.5 "fit_SVM_smote" 0.0519372443627191 0.0645219675173144 0.0524118341168186 0.851538342609771 0.536 0.659 0.635 0.776 0.332 0.555 0.6 0.426
13 "CapsuleDef3" 0.2 30 0.5 40 3 0.5 "fit_SVM_borderline_smote_type1" 0.0519372443627191 0.0645219675173144 0.0524118341168186 0.851538342609771 0.526 0.666 0.652 0.731 0.354 0.615 0.696 0.419
13 "CapsuleDef3" 0.2 30 0.5 40 3 0.5 "fit_SVM_borderline_smote_type2" 0.0519372443627191 0.0645219675173144 0.0524118341168186 0.851538342609771 0.536 0.677 0.664 0.735 0.383 0.583 0.604 0.512
14 "CapsuleDef3" 0.2 30 0.5 40 4 0.5 "fit_RF_all" 0.0519372443627191 0.0645219675173144 0.0524118341168186 0.851538342609771 0.61 0.784 0.803 0.717 0.349 0.697 0.905 0.362
14 "CapsuleDef3" 0.2 30 0.5 40 4 0.5 "fit_RF_sbc" 0.0519372443627191 0.0645219675173144 0.0524118341168186 0.851538342609771 0.197 0.243 0.207 0.806 0.163 0.203 0.171 0.77
14 "CapsuleDef3" 0.2 30 0.5 40 4 0.5 "fit_RF_ros" 0.0519372443627191 0.0645219675173144 0.0524118341168186 0.851538342609771 0.611 0.785 0.804 0.717 0.417 0.659 0.715 0.501
14 "CapsuleDef3" 0.2 30 0.5 40 4 0.5 "fit_RF_rus" 0.0519372443627191 0.0645219675173144 0.0524118341168186 0.851538342609771 0.285 0.35 0.307 0.801 0.273 0.345 0.306 0.715
14 "CapsuleDef3" 0.2 30 0.5 40 4 0.5 "fit_RF_smote" 0.0519372443627191 0.0645219675173144 0.0524118341168186 0.851538342609771 0.611 0.785 0.804 0.717 0.537 0.713 0.723 0.675
14 "CapsuleDef3" 0.2 30 0.5 40 4 0.5 "fit_RF_borderline_smote_type1" 0.0519372443627191 0.0645219675173144 0.0524118341168186 0.851538342609771 0.611 0.785 0.804 0.717 0.485 0.753 0.838 0.535
14 "CapsuleDef3" 0.2 30 0.5 40 4 0.5 "fit_RF_borderline_smote_type2" 0.0519372443627191 0.0645219675173144 0.0524118341168186 0.851538342609771 0.611 0.785 0.804 0.717 0.455 0.711 0.782 0.521
14 "CapsuleDef3" 0.2 30 0.5 40 4 0.5 "fit_SVM_all" 0.0519372443627191 0.0645219675173144 0.0524118341168186 0.851538342609771 0.609 0.784 0.802 0.717 0.412 0.678 0.76 0.474
14 "CapsuleDef3" 0.2 30 0.5 40 4 0.5 "fit_SVM_sbc" 0.0519372443627191 0.0645219675173144 0.0524118341168186 0.851538342609771 0.253 0.309 0.267 0.821 0.214 0.268 0.231 0.737
14 "CapsuleDef3" 0.2 30 0.5 40 4 0.5 "fit_SVM_ros" 0.0519372443627191 0.0645219675173144 0.0524118341168186 0.851538342609771 0.609 0.784 0.802 0.717 0.41 0.674 0.754 0.474
14 "CapsuleDef3" 0.2 30 0.5 40 4 0.5 "fit_SVM_rus" 0.0519372443627191 0.0645219675173144 0.0524118341168186 0.851538342609771 0.269 0.329 0.286 0.818 0.239 0.303 0.265 0.71
14 "CapsuleDef3" 0.2 30 0.5 40 4 0.5 "fit_SVM_smote" 0.0519372443627191 0.0645219675173144 0.0524118341168186 0.851538342609771 0.564 0.724 0.726 0.717 0.409 0.641 0.689 0.501
14 "CapsuleDef3" 0.2 30 0.5 40 4 0.5 "fit_SVM_borderline_smote_type1" 0.0519372443627191 0.0645219675173144 0.0524118341168186 0.851538342609771 0.573 0.736 0.74 0.717 0.432 0.67 0.723 0.517
14 "CapsuleDef3" 0.2 30 0.5 40 4 0.5 "fit_SVM_borderline_smote_type2" 0.0519372443627191 0.0645219675173144 0.0524118341168186 0.851538342609771 0.593 0.777 0.8 0.696 0.413 0.688 0.78 0.467
15 "CapsuleDef3" 0.2 30 0.5 40 6 0.5 "fit_RF_all" 0.0519372443627191 0.0645219675173144 0.0524118341168186 0.851538342609771 0.611 0.785 0.804 0.717 0.3 0.643 0.872 0.313
15 "CapsuleDef3" 0.2 30 0.5 40 6 0.5 "fit_RF_sbc" 0.0519372443627191 0.0645219675173144 0.0524118341168186 0.851538342609771 0.313 0.382 0.338 0.81 0.272 0.338 0.296 0.766
15 "CapsuleDef3" 0.2 30 0.5 40 6 0.5 "fit_RF_ros" 0.0519372443627191 0.0645219675173144 0.0524118341168186 0.851538342609771 0.611 0.785 0.804 0.717 0.464 0.707 0.766 0.541
15 "CapsuleDef3" 0.2 30 0.5 40 6 0.5 "fit_RF_rus" 0.0519372443627191 0.0645219675173144 0.0524118341168186 0.851538342609771 0.429 0.522 0.48 0.8 0.396 0.508 0.475 0.706
15 "CapsuleDef3" 0.2 30 0.5 40 6 0.5 "fit_RF_smote" 0.0519372443627191 0.0645219675173144 0.0524118341168186 0.851538342609771 0.611 0.785 0.804 0.717 0.522 0.684 0.683 0.69
15 "CapsuleDef3" 0.2 30 0.5 40 6 0.5 "fit_RF_borderline_smote_type1" 0.0519372443627191 0.0645219675173144 0.0524118341168186 0.851538342609771 0.61 0.784 0.803 0.717 0.544 0.726 0.741 0.672
15 "CapsuleDef3" 0.2 30 0.5 40 6 0.5 "fit_RF_borderline_smote_type2" 0.0519372443627191 0.0645219675173144 0.0524118341168186 0.851538342609771 0.611 0.785 0.804 0.717 0.424 0.687 0.766 0.487
15 "CapsuleDef3" 0.2 30 0.5 40 6 0.5 "fit_SVM_all" 0.0519372443627191 0.0645219675173144 0.0524118341168186 0.851538342609771 0.571 0.735 0.741 0.713 0.437 0.685 0.749 0.513
15 "CapsuleDef3" 0.2 30 0.5 40 6 0.5 "fit_SVM_sbc" 0.0519372443627191 0.0645219675173144 0.0524118341168186 0.851538342609771 0.251 0.308 0.267 0.807 0.217 0.27 0.232 0.769
15 "CapsuleDef3" 0.2 30 0.5 40 6 0.5 "fit_SVM_ros" 0.0519372443627191 0.0645219675173144 0.0524118341168186 0.851538342609771 0.573 0.736 0.74 0.717 0.425 0.661 0.713 0.513
15 "CapsuleDef3" 0.2 30 0.5 40 6 0.5 "fit_SVM_rus" 0.0519372443627191 0.0645219675173144 0.0524118341168186 0.851538342609771 0.39 0.475 0.431 0.807 0.355 0.448 0.409 0.729
15 "CapsuleDef3" 0.2 30 0.5 40 6 0.5 "fit_SVM_smote" 0.0519372443627191 0.0645219675173144 0.0524118341168186 0.851538342609771 0.546 0.678 0.661 0.759 0.439 0.666 0.709 0.535
15 "CapsuleDef3" 0.2 30 0.5 40 6 0.5 "fit_SVM_borderline_smote_type1" 0.0519372443627191 0.0645219675173144 0.0524118341168186 0.851538342609771 0.563 0.722 0.724 0.717 0.454 0.688 0.739 0.541
15 "CapsuleDef3" 0.2 30 0.5 40 6 0.5 "fit_SVM_borderline_smote_type2" 0.0519372443627191 0.0645219675173144 0.0524118341168186 0.851538342609771 0.576 0.717 0.707 0.756 0.451 0.703 0.771 0.52
16 "CapsuleDef3" 0.2 30 0.5 48 3 0.5 "fit_RF_all" 0.0519372443627191 0.0645219675173144 0.0524118341168186 0.851538342609771 0.611 0.785 0.804 0.717 0.323 0.673 0.9 0.335
16 "CapsuleDef3" 0.2 30 0.5 48 3 0.5 "fit_RF_sbc" 0.0519372443627191 0.0645219675173144 0.0524118341168186 0.851538342609771 0.362 0.441 0.395 0.813 0.324 0.4 0.356 0.781
16 "CapsuleDef3" 0.2 30 0.5 48 3 0.5 "fit_RF_ros" 0.0519372443627191 0.0645219675173144 0.0524118341168186 0.851538342609771 0.611 0.785 0.804 0.717 0.441 0.681 0.736 0.524
16 "CapsuleDef3" 0.2 30 0.5 48 3 0.5 "fit_RF_rus" 0.0519372443627191 0.0645219675173144 0.0524118341168186 0.851538342609771 0.409 0.496 0.452 0.81 0.268 0.343 0.304 0.694
16 "CapsuleDef3" 0.2 30 0.5 48 3 0.5 "fit_RF_smote" 0.0519372443627191 0.0645219675173144 0.0524118341168186 0.851538342609771 0.611 0.785 0.804 0.717 0.504 0.686 0.697 0.645
16 "CapsuleDef3" 0.2 30 0.5 48 3 0.5 "fit_RF_borderline_smote_type1" 0.0519372443627191 0.0645219675173144 0.0524118341168186 0.851538342609771 0.611 0.785 0.804 0.717 0.405 0.707 0.833 0.44
16 "CapsuleDef3" 0.2 30 0.5 48 3 0.5 "fit_RF_borderline_smote_type2" 0.0519372443627191 0.0645219675173144 0.0524118341168186 0.851538342609771 0.611 0.785 0.804 0.717 0.455 0.711 0.782 0.521
16 "CapsuleDef3" 0.2 30 0.5 48 3 0.5 "fit_SVM_all" 0.0519372443627191 0.0645219675173144 0.0524118341168186 0.851538342609771 0.594 0.779 0.802 0.696 0.435 0.691 0.762 0.503
16 "CapsuleDef3" 0.2 30 0.5 48 3 0.5 "fit_SVM_sbc" 0.0519372443627191 0.0645219675173144 0.0524118341168186 0.851538342609771 0.291 0.355 0.311 0.817 0.252 0.316 0.276 0.745
16 "CapsuleDef3" 0.2 30 0.5 48 3 0.5 "fit_SVM_ros" 0.0519372443627191 0.0645219675173144 0.0524118341168186 0.851538342609771 0.611 0.785 0.804 0.717 0.419 0.66 0.715 0.503
16 "CapsuleDef3" 0.2 30 0.5 48 3 0.5 "fit_SVM_rus" 0.0519372443627191 0.0645219675173144 0.0524118341168186 0.851538342609771 0.369 0.447 0.402 0.817 0.306 0.386 0.346 0.726
16 "CapsuleDef3" 0.2 30 0.5 48 3 0.5 "fit_SVM_smote" 0.0519372443627191 0.0645219675173144 0.0524118341168186 0.851538342609771 0.562 0.697 0.683 0.759 0.42 0.629 0.657 0.537
16 "CapsuleDef3" 0.2 30 0.5 48 3 0.5 "fit_SVM_borderline_smote_type1" 0.0519372443627191 0.0645219675173144 0.0524118341168186 0.851538342609771 0.572 0.737 0.743 0.713 0.415 0.645 0.691 0.509
16 "CapsuleDef3" 0.2 30 0.5 48 3 0.5 "fit_SVM_borderline_smote_type2" 0.0519372443627191 0.0645219675173144 0.0524118341168186 0.851538342609771 0.594 0.779 0.802 0.696 0.422 0.659 0.711 0.509
17 "CapsuleDef3" 0.2 30 0.5 48 4 0.5 "fit_RF_all" 0.0519372443627191 0.0645219675173144 0.0524118341168186 0.851538342609771 0.611 0.785 0.804 0.717 0.293 0.637 0.871 0.307
17 "CapsuleDef3" 0.2 30 0.5 48 4 0.5 "fit_RF_sbc" 0.0519372443627191 0.0645219675173144 0.0524118341168186 0.851538342609771 0.353 0.432 0.388 0.799 0.243 0.306 0.267 0.726
17 "CapsuleDef3" 0.2 30 0.5 48 4 0.5 "fit_RF_ros" 0.0519372443627191 0.0645219675173144 0.0524118341168186 0.851538342609771 0.611 0.785 0.804 0.717 0.525 0.74 0.779 0.617
17 "CapsuleDef3" 0.2 30 0.5 48 4 0.5 "fit_RF_rus" 0.0519372443627191 0.0645219675173144 0.0524118341168186 0.851538342609771 0.285 0.349 0.306 0.807 0.288 0.365 0.325 0.717
17 "CapsuleDef3" 0.2 30 0.5 48 4 0.5 "fit_RF_smote" 0.0519372443627191 0.0645219675173144 0.0524118341168186 0.851538342609771 0.611 0.785 0.804 0.717 0.5 0.66 0.656 0.678
17 "CapsuleDef3" 0.2 30 0.5 48 4 0.5 "fit_RF_borderline_smote_type1" 0.0519372443627191 0.0645219675173144 0.0524118341168186 0.851538342609771 0.611 0.785 0.804 0.717 0.488 0.745 0.821 0.546
17 "CapsuleDef3" 0.2 30 0.5 48 4 0.5 "fit_RF_borderline_smote_type2" 0.0519372443627191 0.0645219675173144 0.0524118341168186 0.851538342609771 0.611 0.785 0.804 0.717 0.522 0.743 0.787 0.608
17 "CapsuleDef3" 0.2 30 0.5 48 4 0.5 "fit_SVM_all" 0.0519372443627191 0.0645219675173144 0.0524118341168186 0.851538342609771 0.591 0.777 0.801 0.692 0.428 0.694 0.776 0.489
17 "CapsuleDef3" 0.2 30 0.5 48 4 0.5 "fit_SVM_sbc" 0.0519372443627191 0.0645219675173144 0.0524118341168186 0.851538342609771 0.268 0.328 0.285 0.82 0.201 0.251 0.215 0.748
17 "CapsuleDef3" 0.2 30 0.5 48 4 0.5 "fit_SVM_ros" 0.0519372443627191 0.0645219675173144 0.0524118341168186 0.851538342609771 0.609 0.784 0.802 0.717 0.427 0.676 0.739 0.503
17 "CapsuleDef3" 0.2 30 0.5 48 4 0.5 "fit_SVM_rus" 0.0519372443627191 0.0645219675173144 0.0524118341168186 0.851538342609771 0.265 0.324 0.282 0.82 0.211 0.276 0.242 0.625
17 "CapsuleDef3" 0.2 30 0.5 48 4 0.5 "fit_SVM_smote" 0.0519372443627191 0.0645219675173144 0.0524118341168186 0.851538342609771 0.569 0.706 0.694 0.759 0.395 0.601 0.627 0.516
17 "CapsuleDef3" 0.2 30 0.5 48 4 0.5 "fit_SVM_borderline_smote_type1" 0.0519372443627191 0.0645219675173144 0.0524118341168186 0.851538342609771 0.562 0.723 0.726 0.713 0.428 0.67 0.727 0.51
17 "CapsuleDef3" 0.2 30 0.5 48 4 0.5 "fit_SVM_borderline_smote_type2" 0.0519372443627191 0.0645219675173144 0.0524118341168186 0.851538342609771 0.555 0.728 0.737 0.692 0.429 0.679 0.744 0.503
18 "CapsuleDef3" 0.2 30 0.5 48 6 0.5 "fit_RF_all" 0.0519372443627191 0.0645219675173144 0.0524118341168186 0.851538342609771 0.611 0.785 0.804 0.717 0.352 0.693 0.887 0.369
18 "CapsuleDef3" 0.2 30 0.5 48 6 0.5 "fit_RF_sbc" 0.0519372443627191 0.0645219675173144 0.0524118341168186 0.851538342609771 0.322 0.394 0.35 0.803 0.251 0.313 0.272 0.76
18 "CapsuleDef3" 0.2 30 0.5 48 6 0.5 "fit_RF_ros" 0.0519372443627191 0.0645219675173144 0.0524118341168186 0.851538342609771 0.609 0.784 0.802 0.717 0.445 0.69 0.75 0.522
18 "CapsuleDef3" 0.2 30 0.5 48 6 0.5 "fit_RF_rus" 0.0519372443627191 0.0645219675173144 0.0524118341168186 0.851538342609771 0.446 0.546 0.507 0.785 0.414 0.526 0.492 0.724
18 "CapsuleDef3" 0.2 30 0.5 48 6 0.5 "fit_RF_smote" 0.0519372443627191 0.0645219675173144 0.0524118341168186 0.851538342609771 0.611 0.785 0.804 0.717 0.514 0.683 0.686 0.672
18 "CapsuleDef3" 0.2 30 0.5 48 6 0.5 "fit_RF_borderline_smote_type1" 0.0519372443627191 0.0645219675173144 0.0524118341168186 0.851538342609771 0.611 0.785 0.804 0.717 0.459 0.677 0.713 0.563
18 "CapsuleDef3" 0.2 30 0.5 48 6 0.5 "fit_RF_borderline_smote_type2" 0.0519372443627191 0.0645219675173144 0.0524118341168186 0.851538342609771 0.611 0.785 0.804 0.717 0.452 0.706 0.776 0.52
18 "CapsuleDef3" 0.2 30 0.5 48 6 0.5 "fit_SVM_all" 0.0519372443627191 0.0645219675173144 0.0524118341168186 0.851538342609771 0.573 0.736 0.74 0.717 0.381 0.703 0.859 0.407
18 "CapsuleDef3" 0.2 30 0.5 48 6 0.5 "fit_SVM_sbc" 0.0519372443627191 0.0645219675173144 0.0524118341168186 0.851538342609771 0.264 0.322 0.28 0.821 0.23 0.286 0.248 0.759
18 "CapsuleDef3" 0.2 30 0.5 48 6 0.5 "fit_SVM_ros" 0.0519372443627191 0.0645219675173144 0.0524118341168186 0.851538342609771 0.573 0.736 0.74 0.717 0.432 0.677 0.737 0.511
18 "CapsuleDef3" 0.2 30 0.5 48 6 0.5 "fit_SVM_rus" 0.0519372443627191 0.0645219675173144 0.0524118341168186 0.851538342609771 0.379 0.461 0.416 0.81 0.331 0.418 0.378 0.727
18 "CapsuleDef3" 0.2 30 0.5 48 6 0.5 "fit_SVM_smote" 0.0519372443627191 0.0645219675173144 0.0524118341168186 0.851538342609771 0.568 0.705 0.693 0.759 0.437 0.656 0.693 0.541
18 "CapsuleDef3" 0.2 30 0.5 48 6 0.5 "fit_SVM_borderline_smote_type1" 0.0519372443627191 0.0645219675173144 0.0524118341168186 0.851538342609771 0.551 0.684 0.667 0.759 0.414 0.656 0.713 0.497
18 "CapsuleDef3" 0.2 30 0.5 48 6 0.5 "fit_SVM_borderline_smote_type2" 0.0519372443627191 0.0645219675173144 0.0524118341168186 0.851538342609771 0.576 0.717 0.707 0.756 0.435 0.682 0.743 0.512
19 "CapsuleDef3" 0.4 30 0.5 40 3 0.5 "fit_RF_all" 0.0519372443627191 0.0645219675173144 0.0524118341168186 0.851538342609771 0.611 0.785 0.804 0.717 0.284 0.602 0.793 0.307
19 "CapsuleDef3" 0.4 30 0.5 40 3 0.5 "fit_RF_sbc" 0.0519372443627191 0.0645219675173144 0.0524118341168186 0.851538342609771 0.262 0.323 0.281 0.8 0.225 0.28 0.241 0.767
19 "CapsuleDef3" 0.4 30 0.5 40 3 0.5 "fit_RF_ros" 0.0519372443627191 0.0645219675173144 0.0524118341168186 0.851538342609771 0.611 0.785 0.804 0.717 0.386 0.723 0.903 0.403
19 "CapsuleDef3" 0.4 30 0.5 40 3 0.5 "fit_RF_rus" 0.0519372443627191 0.0645219675173144 0.0524118341168186 0.851538342609771 0.25 0.307 0.266 0.81 0.189 0.234 0.199 0.778
19 "CapsuleDef3" 0.4 30 0.5 40 3 0.5 "fit_RF_smote" 0.0519372443627191 0.0645219675173144 0.0524118341168186 0.851538342609771 0.611 0.785 0.804 0.717 0.537 0.684 0.674 0.726
19 "CapsuleDef3" 0.4 30 0.5 40 3 0.5 "fit_RF_borderline_smote_type1" 0.0519372443627191 0.0645219675173144 0.0524118341168186 0.851538342609771 0.611 0.785 0.804 0.717 0.437 0.751 0.89 0.462
19 "CapsuleDef3" 0.4 30 0.5 40 3 0.5 "fit_RF_borderline_smote_type2" 0.0519372443627191 0.0645219675173144 0.0524118341168186 0.851538342609771 0.611 0.785 0.804 0.717 0.47 0.724 0.793 0.535
19 "CapsuleDef3" 0.4 30 0.5 40 3 0.5 "fit_SVM_all" 0.0519372443627191 0.0645219675173144 0.0524118341168186 0.851538342609771 0.534 0.748 0.788 0.623 0.199 0.39 0.441 0.266
19 "CapsuleDef3" 0.4 30 0.5 40 3 0.5 "fit_SVM_sbc" 0.0519372443627191 0.0645219675173144 0.0524118341168186 0.851538342609771 0.152 0.187 0.157 0.825 0.101 0.127 0.105 0.725
19 "CapsuleDef3" 0.4 30 0.5 40 3 0.5 "fit_SVM_ros" 0.0519372443627191 0.0645219675173144 0.0524118341168186 0.851538342609771 0.6 0.772 0.787 0.717 0.414 0.584 0.583 0.588
19 "CapsuleDef3" 0.4 30 0.5 40 3 0.5 "fit_SVM_rus" 0.0519372443627191 0.0645219675173144 0.0524118341168186 0.851538342609771 0.173 0.213 0.179 0.825 0.11 0.137 0.114 0.774
19 "CapsuleDef3" 0.4 30 0.5 40 3 0.5 "fit_SVM_smote" 0.0519372443627191 0.0645219675173144 0.0524118341168186 0.851538342609771 0.597 0.732 0.722 0.776 0.479 0.659 0.667 0.629
19 "CapsuleDef3" 0.4 30 0.5 40 3 0.5 "fit_SVM_borderline_smote_type1" 0.0519372443627191 0.0645219675173144 0.0524118341168186 0.851538342609771 0.573 0.73 0.731 0.725 0.436 0.655 0.692 0.541
19 "CapsuleDef3" 0.4 30 0.5 40 3 0.5 "fit_SVM_borderline_smote_type2" 0.0519372443627191 0.0645219675173144 0.0524118341168186 0.851538342609771 0.58 0.74 0.743 0.725 0.408 0.634 0.675 0.508
20 "CapsuleDef3" 0.4 30 0.5 40 4 0.5 "fit_RF_all" 0.0519372443627191 0.0645219675173144 0.0524118341168186 0.851538342609771 0.611 0.785 0.804 0.717 0.284 0.602 0.793 0.307
20 "CapsuleDef3" 0.4 30 0.5 40 4 0.5 "fit_RF_sbc" 0.0519372443627191 0.0645219675173144 0.0524118341168186 0.851538342609771 0.276 0.34 0.298 0.792 0.253 0.319 0.28 0.718
20 "CapsuleDef3" 0.4 30 0.5 40 4 0.5 "fit_RF_ros" 0.0519372443627191 0.0645219675173144 0.0524118341168186 0.851538342609771 0.611 0.785 0.804 0.717 0.385 0.719 0.894 0.403
20 "CapsuleDef3" 0.4 30 0.5 40 4 0.5 "fit_RF_rus" 0.0519372443627191 0.0645219675173144 0.0524118341168186 0.851538342609771 0.393 0.485 0.443 0.776 0.309 0.397 0.358 0.693
20 "CapsuleDef3" 0.4 30 0.5 40 4 0.5 "fit_RF_smote" 0.0519372443627191 0.0645219675173144 0.0524118341168186 0.851538342609771 0.611 0.785 0.804 0.717 0.547 0.718 0.726 0.69
20 "CapsuleDef3" 0.4 30 0.5 40 4 0.5 "fit_RF_borderline_smote_type1" 0.0519372443627191 0.0645219675173144 0.0524118341168186 0.851538342609771 0.611 0.785 0.804 0.717 0.459 0.745 0.85 0.499
20 "CapsuleDef3" 0.4 30 0.5 40 4 0.5 "fit_RF_borderline_smote_type2" 0.0519372443627191 0.0645219675173144 0.0524118341168186 0.851538342609771 0.611 0.785 0.804 0.717 0.447 0.753 0.88 0.476
20 "CapsuleDef3" 0.4 30 0.5 40 4 0.5 "fit_SVM_all" 0.0519372443627191 0.0645219675173144 0.0524118341168186 0.851538342609771 0.609 0.785 0.806 0.713 0.452 0.654 0.677 0.576
20 "CapsuleDef3" 0.4 30 0.5 40 4 0.5 "fit_SVM_sbc" 0.0519372443627191 0.0645219675173144 0.0524118341168186 0.851538342609771 0.271 0.333 0.29 0.804 0.263 0.328 0.288 0.752
20 "CapsuleDef3" 0.4 30 0.5 40 4 0.5 "fit_SVM_ros" 0.0519372443627191 0.0645219675173144 0.0524118341168186 0.851538342609771 0.6 0.772 0.787 0.717 0.486 0.702 0.739 0.586
20 "CapsuleDef3" 0.4 30 0.5 40 4 0.5 "fit_SVM_rus" 0.0519372443627191 0.0645219675173144 0.0524118341168186 0.851538342609771 0.303 0.374 0.33 0.789 0.264 0.331 0.291 0.739
20 "CapsuleDef3" 0.4 30 0.5 40 4 0.5 "fit_SVM_smote" 0.0519372443627191 0.0645219675173144 0.0524118341168186 0.851538342609771 0.6 0.728 0.715 0.789 0.521 0.687 0.688 0.683
20 "CapsuleDef3" 0.4 30 0.5 40 4 0.5 "fit_SVM_borderline_smote_type1" 0.0519372443627191 0.0645219675173144 0.0524118341168186 0.851538342609771 0.591 0.742 0.742 0.744 0.545 0.726 0.74 0.674
20 "CapsuleDef3" 0.4 30 0.5 40 4 0.5 "fit_SVM_borderline_smote_type2" 0.0519372443627191 0.0645219675173144 0.0524118341168186 0.851538342609771 0.608 0.784 0.804 0.713 0.488 0.71 0.751 0.583
21 "CapsuleDef3" 0.4 30 0.5 40 6 0.5 "fit_RF_all" 0.0519372443627191 0.0645219675173144 0.0524118341168186 0.851538342609771 0.61 0.784 0.803 0.717 0.281 0.593 0.773 0.307
21 "CapsuleDef3" 0.4 30 0.5 40 6 0.5 "fit_RF_sbc" 0.0519372443627191 0.0645219675173144 0.0524118341168186 0.851538342609771 0.302 0.37 0.325 0.81 0.291 0.366 0.326 0.73
21 "CapsuleDef3" 0.4 30 0.5 40 6 0.5 "fit_RF_ros" 0.0519372443627191 0.0645219675173144 0.0524118341168186 0.851538342609771 0.609 0.784 0.802 0.717 0.377 0.699 0.856 0.403
21 "CapsuleDef3" 0.4 30 0.5 40 6 0.5 "fit_RF_rus" 0.0519372443627191 0.0645219675173144 0.0524118341168186 0.851538342609771 0.261 0.321 0.28 0.792 0.225 0.284 0.247 0.713
21 "CapsuleDef3" 0.4 30 0.5 40 6 0.5 "fit_RF_smote" 0.0519372443627191 0.0645219675173144 0.0524118341168186 0.851538342609771 0.611 0.785 0.804 0.717 0.537 0.704 0.708 0.69
21 "CapsuleDef3" 0.4 30 0.5 40 6 0.5 "fit_RF_borderline_smote_type1" 0.0519372443627191 0.0645219675173144 0.0524118341168186 0.851538342609771 0.611 0.785 0.804 0.717 0.506 0.736 0.786 0.586
21 "CapsuleDef3" 0.4 30 0.5 40 6 0.5 "fit_RF_borderline_smote_type2" 0.0519372443627191 0.0645219675173144 0.0524118341168186 0.851538342609771 0.611 0.785 0.804 0.717 0.414 0.646 0.694 0.507
21 "CapsuleDef3" 0.4 30 0.5 40 6 0.5 "fit_SVM_all" 0.0519372443627191 0.0645219675173144 0.0524118341168186 0.851538342609771 0.602 0.782 0.803 0.705 0.382 0.663 0.764 0.433
21 "CapsuleDef3" 0.4 30 0.5 40 6 0.5 "fit_SVM_sbc" 0.0519372443627191 0.0645219675173144 0.0524118341168186 0.851538342609771 0.307 0.374 0.33 0.815 0.176 0.225 0.193 0.673
21 "CapsuleDef3" 0.4 30 0.5 40 6 0.5 "fit_SVM_ros" 0.0519372443627191 0.0645219675173144 0.0524118341168186 0.851538342609771 0.597 0.768 0.781 0.717 0.284 0.564 0.691 0.325
21 "CapsuleDef3" 0.4 30 0.5 40 6 0.5 "fit_SVM_rus" 0.0519372443627191 0.0645219675173144 0.0524118341168186 0.851538342609771 0.225 0.277 0.237 0.815 0.191 0.242 0.208 0.701
21 "CapsuleDef3" 0.4 30 0.5 40 6 0.5 "fit_SVM_smote" 0.0519372443627191 0.0645219675173144 0.0524118341168186 0.851538342609771 0.586 0.753 0.763 0.717 0.387 0.503 0.472 0.683
21 "CapsuleDef3" 0.4 30 0.5 40 6 0.5 "fit_SVM_borderline_smote_type1" 0.0519372443627191 0.0645219675173144 0.0524118341168186 0.851538342609771 0.609 0.783 0.801 0.717 0.474 0.661 0.673 0.616
21 "CapsuleDef3" 0.4 30 0.5 40 6 0.5 "fit_SVM_borderline_smote_type2" 0.0519372443627191 0.0645219675173144 0.0524118341168186 0.851538342609771 0.599 0.77 0.784 0.717 0.345 0.591 0.658 0.42
22 "CapsuleDef3" 0.4 30 0.5 48 3 0.5 "fit_RF_all" 0.0519372443627191 0.0645219675173144 0.0524118341168186 0.851538342609771 0.611 0.785 0.804 0.717 0.237 0.546 0.762 0.256
22 "CapsuleDef3" 0.4 30 0.5 48 3 0.5 "fit_RF_sbc" 0.0519372443627191 0.0645219675173144 0.0524118341168186 0.851538342609771 0.33 0.405 0.361 0.792 0.233 0.29 0.251 0.766
22 "CapsuleDef3" 0.4 30 0.5 48 3 0.5 "fit_RF_ros" 0.0519372443627191 0.0645219675173144 0.0524118341168186 0.851538342609771 0.611 0.785 0.804 0.717 0.385 0.719 0.894 0.403
22 "CapsuleDef3" 0.4 30 0.5 48 3 0.5 "fit_RF_rus" 0.0519372443627191 0.0645219675173144 0.0524118341168186 0.851538342609771 0.324 0.397 0.353 0.796 0.21 0.264 0.228 0.724
22 "CapsuleDef3" 0.4 30 0.5 48 3 0.5 "fit_RF_smote" 0.0519372443627191 0.0645219675173144 0.0524118341168186 0.851538342609771 0.611 0.785 0.804 0.717 0.551 0.714 0.717 0.704
22 "CapsuleDef3" 0.4 30 0.5 48 3 0.5 "fit_RF_borderline_smote_type1" 0.0519372443627191 0.0645219675173144 0.0524118341168186 0.851538342609771 0.611 0.785 0.804 0.717 0.46 0.748 0.854 0.499
22 "CapsuleDef3" 0.4 30 0.5 48 3 0.5 "fit_RF_borderline_smote_type2" 0.0519372443627191 0.0645219675173144 0.0524118341168186 0.851538342609771 0.611 0.785 0.804 0.717 0.501 0.739 0.795 0.576
22 "CapsuleDef3" 0.4 30 0.5 48 3 0.5 "fit_SVM_all" 0.0519372443627191 0.0645219675173144 0.0524118341168186 0.851538342609771 0.585 0.777 0.806 0.681 0.42 0.647 0.69 0.517
22 "CapsuleDef3" 0.4 30 0.5 48 3 0.5 "fit_SVM_sbc" 0.0519372443627191 0.0645219675173144 0.0524118341168186 0.851538342609771 0.215 0.264 0.226 0.807 0.186 0.229 0.195 0.805
22 "CapsuleDef3" 0.4 30 0.5 48 3 0.5 "fit_SVM_ros" 0.0519372443627191 0.0645219675173144 0.0524118341168186 0.851538342609771 0.6 0.772 0.787 0.717 0.329 0.589 0.676 0.39
22 "CapsuleDef3" 0.4 30 0.5 48 3 0.5 "fit_SVM_rus" 0.0519372443627191 0.0645219675173144 0.0524118341168186 0.851538342609771 0.296 0.362 0.319 0.807 0.219 0.275 0.238 0.735
22 "CapsuleDef3" 0.4 30 0.5 48 3 0.5 "fit_SVM_smote" 0.0519372443627191 0.0645219675173144 0.0524118341168186 0.851538342609771 0.596 0.74 0.735 0.759 0.488 0.648 0.642 0.671
22 "CapsuleDef3" 0.4 30 0.5 48 3 0.5 "fit_SVM_borderline_smote_type1" 0.0519372443627191 0.0645219675173144 0.0524118341168186 0.851538342609771 0.525 0.677 0.67 0.708 0.447 0.624 0.629 0.607
22 "CapsuleDef3" 0.4 30 0.5 48 3 0.5 "fit_SVM_borderline_smote_type2" 0.0519372443627191 0.0645219675173144 0.0524118341168186 0.851538342609771 0.587 0.742 0.744 0.735 0.396 0.645 0.71 0.472
23 "CapsuleDef3" 0.4 30 0.5 48 4 0.5 "fit_RF_all" 0.0519372443627191 0.0645219675173144 0.0524118341168186 0.851538342609771 0.611 0.785 0.804 0.717 0.281 0.593 0.773 0.307
23 "CapsuleDef3" 0.4 30 0.5 48 4 0.5 "fit_RF_sbc" 0.0519372443627191 0.0645219675173144 0.0524118341168186 0.851538342609771 0.352 0.429 0.384 0.81 0.255 0.322 0.283 0.723
23 "CapsuleDef3" 0.4 30 0.5 48 4 0.5 "fit_RF_ros" 0.0519372443627191 0.0645219675173144 0.0524118341168186 0.851538342609771 0.611 0.785 0.804 0.717 0.456 0.759 0.884 0.485
23 "CapsuleDef3" 0.4 30 0.5 48 4 0.5 "fit_RF_rus" 0.0519372443627191 0.0645219675173144 0.0524118341168186 0.851538342609771 0.348 0.428 0.385 0.783 0.306 0.391 0.353 0.697
23 "CapsuleDef3" 0.4 30 0.5 48 4 0.5 "fit_RF_smote" 0.0519372443627191 0.0645219675173144 0.0524118341168186 0.851538342609771 0.611 0.785 0.804 0.717 0.539 0.699 0.698 0.704
23 "CapsuleDef3" 0.4 30 0.5 48 4 0.5 "fit_RF_borderline_smote_type1" 0.0519372443627191 0.0645219675173144 0.0524118341168186 0.851538342609771 0.611 0.785 0.804 0.717 0.462 0.734 0.823 0.513
23 "CapsuleDef3" 0.4 30 0.5 48 4 0.5 "fit_RF_borderline_smote_type2" 0.0519372443627191 0.0645219675173144 0.0524118341168186 0.851538342609771 0.611 0.785 0.804 0.717 0.481 0.728 0.792 0.55
23 "CapsuleDef3" 0.4 30 0.5 48 4 0.5 "fit_SVM_all" 0.0519372443627191 0.0645219675173144 0.0524118341168186 0.851538342609771 0.608 0.784 0.804 0.713 0.467 0.683 0.718 0.572
23 "CapsuleDef3" 0.4 30 0.5 48 4 0.5 "fit_SVM_sbc" 0.0519372443627191 0.0645219675173144 0.0524118341168186 0.851538342609771 0.322 0.396 0.352 0.789 0.208 0.26 0.224 0.752
23 "CapsuleDef3" 0.4 30 0.5 48 4 0.5 "fit_SVM_ros" 0.0519372443627191 0.0645219675173144 0.0524118341168186 0.851538342609771 0.6 0.771 0.786 0.717 0.522 0.705 0.718 0.656
23 "CapsuleDef3" 0.4 30 0.5 48 4 0.5 "fit_SVM_rus" 0.0519372443627191 0.0645219675173144 0.0524118341168186 0.851538342609771 0.287 0.352 0.309 0.8 0.228 0.287 0.249 0.734
23 "CapsuleDef3" 0.4 30 0.5 48 4 0.5 "fit_SVM_smote" 0.0519372443627191 0.0645219675173144 0.0524118341168186 0.851538342609771 0.581 0.721 0.711 0.759 0.514 0.666 0.657 0.702
23 "CapsuleDef3" 0.4 30 0.5 48 4 0.5 "fit_SVM_borderline_smote_type1" 0.0519372443627191 0.0645219675173144 0.0524118341168186 0.851538342609771 0.591 0.751 0.757 0.73 0.462 0.673 0.704 0.573
23 "CapsuleDef3" 0.4 30 0.5 48 4 0.5 "fit_SVM_borderline_smote_type2" 0.0519372443627191 0.0645219675173144 0.0524118341168186 0.851538342609771 0.598 0.771 0.787 0.713 0.522 0.708 0.723 0.653
24 "CapsuleDef3" 0.4 30 0.5 48 6 0.5 "fit_RF_all" 0.0519372443627191 0.0645219675173144 0.0524118341168186 0.851538342609771 0.611 0.785 0.804 0.717 0.237 0.546 0.762 0.256
24 "CapsuleDef3" 0.4 30 0.5 48 6 0.5 "fit_RF_sbc" 0.0519372443627191 0.0645219675173144 0.0524118341168186 0.851538342609771 0.379 0.464 0.421 0.792 0.296 0.372 0.331 0.74
24 "CapsuleDef3" 0.4 30 0.5 48 6 0.5 "fit_RF_ros" 0.0519372443627191 0.0645219675173144 0.0524118341168186 0.851538342609771 0.611 0.785 0.804 0.717 0.384 0.716 0.889 0.403
24 "CapsuleDef3" 0.4 30 0.5 48 6 0.5 "fit_RF_rus" 0.0519372443627191 0.0645219675173144 0.0524118341168186 0.851538342609771 0.314 0.386 0.342 0.795 0.217 0.27 0.232 0.772
24 "CapsuleDef3" 0.4 30 0.5 48 6 0.5 "fit_RF_smote" 0.0519372443627191 0.0645219675173144 0.0524118341168186 0.851538342609771 0.611 0.785 0.804 0.717 0.546 0.708 0.709 0.704
24 "CapsuleDef3" 0.4 30 0.5 48 6 0.5 "fit_RF_borderline_smote_type1" 0.0519372443627191 0.0645219675173144 0.0524118341168186 0.851538342609771 0.611 0.785 0.804 0.717 0.494 0.755 0.835 0.547
24 "CapsuleDef3" 0.4 30 0.5 48 6 0.5 "fit_RF_borderline_smote_type2" 0.0519372443627191 0.0645219675173144 0.0524118341168186 0.851538342609771 0.611 0.785 0.804 0.717 0.504 0.737 0.79 0.583
24 "CapsuleDef3" 0.4 30 0.5 48 6 0.5 "fit_SVM_all" 0.0519372443627191 0.0645219675173144 0.0524118341168186 0.851538342609771 0.6 0.782 0.805 0.702 0.384 0.667 0.771 0.434
24 "CapsuleDef3" 0.4 30 0.5 48 6 0.5 "fit_SVM_sbc" 0.0519372443627191 0.0645219675173144 0.0524118341168186 0.851538342609771 0.255 0.313 0.272 0.807 0.227 0.285 0.247 0.745
24 "CapsuleDef3" 0.4 30 0.5 48 6 0.5 "fit_SVM_ros" 0.0519372443627191 0.0645219675173144 0.0524118341168186 0.851538342609771 0.598 0.768 0.782 0.717 0.269 0.548 0.681 0.307
24 "CapsuleDef3" 0.4 30 0.5 48 6 0.5 "fit_SVM_rus" 0.0519372443627191 0.0645219675173144 0.0524118341168186 0.851538342609771 0.23 0.283 0.243 0.81 0.172 0.213 0.18 0.785
24 "CapsuleDef3" 0.4 30 0.5 48 6 0.5 "fit_SVM_smote" 0.0519372443627191 0.0645219675173144 0.0524118341168186 0.851538342609771 0.596 0.739 0.735 0.759 0.409 0.584 0.586 0.575
24 "CapsuleDef3" 0.4 30 0.5 48 6 0.5 "fit_SVM_borderline_smote_type1" 0.0519372443627191 0.0645219675173144 0.0524118341168186 0.851538342609771 0.598 0.771 0.787 0.713 0.458 0.674 0.709 0.564
24 "CapsuleDef3" 0.4 30 0.5 48 6 0.5 "fit_SVM_borderline_smote_type2" 0.0519372443627191 0.0645219675173144 0.0524118341168186 0.851538342609771 0.607 0.783 0.803 0.713 0.417 0.652 0.702 0.507
25 "CapsuleDef3" 0.2 35 0.5 40 3 0.5 "fit_RF_all" 0.0498212033399487 0.0619074957475637 0.0502564009020204 0.851924860853432 0.6 0.772 0.787 0.717 0.333 0.678 0.89 0.347
25 "CapsuleDef3" 0.2 35 0.5 40 3 0.5 "fit_RF_sbc" 0.0498212033399487 0.0619074957475637 0.0502564009020204 0.851924860853432 0.276 0.337 0.294 0.824 0.225 0.279 0.241 0.767
25 "CapsuleDef3" 0.2 35 0.5 40 3 0.5 "fit_RF_ros" 0.0498212033399487 0.0619074957475637 0.0502564009020204 0.851924860853432 0.6 0.772 0.787 0.717 0.39 0.636 0.699 0.468
25 "CapsuleDef3" 0.2 35 0.5 40 3 0.5 "fit_RF_rus" 0.0498212033399487 0.0619074957475637 0.0502564009020204 0.851924860853432 0.403 0.493 0.451 0.79 0.353 0.446 0.406 0.729
25 "CapsuleDef3" 0.2 35 0.5 40 3 0.5 "fit_RF_smote" 0.0498212033399487 0.0619074957475637 0.0502564009020204 0.851924860853432 0.6 0.772 0.787 0.717 0.383 0.531 0.517 0.595
25 "CapsuleDef3" 0.2 35 0.5 40 3 0.5 "fit_RF_borderline_smote_type1" 0.0498212033399487 0.0619074957475637 0.0502564009020204 0.851924860853432 0.6 0.772 0.787 0.717 0.246 0.422 0.443 0.355
25 "CapsuleDef3" 0.2 35 0.5 40 3 0.5 "fit_RF_borderline_smote_type2" 0.0498212033399487 0.0619074957475637 0.0502564009020204 0.851924860853432 0.6 0.772 0.787 0.717 0.375 0.621 0.683 0.455
25 "CapsuleDef3" 0.2 35 0.5 40 3 0.5 "fit_SVM_all" 0.0498212033399487 0.0619074957475637 0.0502564009020204 0.851924860853432 0.584 0.766 0.787 0.693 0.333 0.557 0.603 0.427
25 "CapsuleDef3" 0.2 35 0.5 40 3 0.5 "fit_SVM_sbc" 0.0498212033399487 0.0619074957475637 0.0502564009020204 0.851924860853432 0.275 0.336 0.293 0.82 0.223 0.28 0.242 0.737
25 "CapsuleDef3" 0.2 35 0.5 40 3 0.5 "fit_SVM_ros" 0.0498212033399487 0.0619074957475637 0.0502564009020204 0.851924860853432 0.554 0.707 0.703 0.724 0.424 0.628 0.651 0.549
25 "CapsuleDef3" 0.2 35 0.5 40 3 0.5 "fit_SVM_rus" 0.0498212033399487 0.0619074957475637 0.0502564009020204 0.851924860853432 0.349 0.426 0.381 0.808 0.236 0.306 0.27 0.651
25 "CapsuleDef3" 0.2 35 0.5 40 3 0.5 "fit_SVM_smote" 0.0498212033399487 0.0619074957475637 0.0502564009020204 0.851924860853432 0.535 0.661 0.639 0.767 0.389 0.561 0.561 0.559
25 "CapsuleDef3" 0.2 35 0.5 40 3 0.5 "fit_SVM_borderline_smote_type1" 0.0498212033399487 0.0619074957475637 0.0502564009020204 0.851924860853432 0.527 0.678 0.671 0.712 0.35 0.577 0.625 0.443
25 "CapsuleDef3" 0.2 35 0.5 40 3 0.5 "fit_SVM_borderline_smote_type2" 0.0498212033399487 0.0619074957475637 0.0502564009020204 0.851924860853432 0.545 0.702 0.7 0.712 0.351 0.597 0.662 0.427
26 "CapsuleDef3" 0.2 35 0.5 40 4 0.5 "fit_RF_all" 0.0498212033399487 0.0619074957475637 0.0502564009020204 0.851924860853432 0.6 0.771 0.786 0.717 0.3 0.643 0.872 0.313
26 "CapsuleDef3" 0.2 35 0.5 40 4 0.5 "fit_RF_sbc" 0.0498212033399487 0.0619074957475637 0.0502564009020204 0.851924860853432 0.252 0.308 0.266 0.824 0.173 0.215 0.182 0.792
26 "CapsuleDef3" 0.2 35 0.5 40 4 0.5 "fit_RF_ros" 0.0498212033399487 0.0619074957475637 0.0502564009020204 0.851924860853432 0.6 0.772 0.787 0.717 0.371 0.647 0.746 0.424
26 "CapsuleDef3" 0.2 35 0.5 40 4 0.5 "fit_RF_rus" 0.0498212033399487 0.0619074957475637 0.0502564009020204 0.851924860853432 0.284 0.349 0.306 0.793 0.255 0.318 0.278 0.752
26 "CapsuleDef3" 0.2 35 0.5 40 4 0.5 "fit_RF_smote" 0.0498212033399487 0.0619074957475637 0.0502564009020204 0.851924860853432 0.6 0.772 0.787 0.717 0.49 0.65 0.645 0.672
26 "CapsuleDef3" 0.2 35 0.5 40 4 0.5 "fit_RF_borderline_smote_type1" 0.0498212033399487 0.0619074957475637 0.0502564009020204 0.851924860853432 0.6 0.772 0.787 0.717 0.364 0.537 0.54 0.528
26 "CapsuleDef3" 0.2 35 0.5 40 4 0.5 "fit_RF_borderline_smote_type2" 0.0498212033399487 0.0619074957475637 0.0502564009020204 0.851924860853432 0.6 0.772 0.787 0.717 0.411 0.659 0.723 0.487
26 "CapsuleDef3" 0.2 35 0.5 40 4 0.5 "fit_SVM_all" 0.0498212033399487 0.0619074957475637 0.0502564009020204 0.851924860853432 0.536 0.712 0.722 0.675 0.389 0.62 0.667 0.483
26 "CapsuleDef3" 0.2 35 0.5 40 4 0.5 "fit_SVM_sbc" 0.0498212033399487 0.0619074957475637 0.0502564009020204 0.851924860853432 0.248 0.304 0.262 0.824 0.198 0.245 0.209 0.8
26 "CapsuleDef3" 0.2 35 0.5 40 4 0.5 "fit_SVM_ros" 0.0498212033399487 0.0619074957475637 0.0502564009020204 0.851924860853432 0.553 0.705 0.7 0.724 0.338 0.602 0.691 0.398
26 "CapsuleDef3" 0.2 35 0.5 40 4 0.5 "fit_SVM_rus" 0.0498212033399487 0.0619074957475637 0.0502564009020204 0.851924860853432 0.384 0.469 0.425 0.798 0.309 0.391 0.351 0.721
26 "CapsuleDef3" 0.2 35 0.5 40 4 0.5 "fit_SVM_smote" 0.0498212033399487 0.0619074957475637 0.0502564009020204 0.851924860853432 0.548 0.677 0.657 0.767 0.411 0.621 0.65 0.527
26 "CapsuleDef3" 0.2 35 0.5 40 4 0.5 "fit_SVM_borderline_smote_type1" 0.0498212033399487 0.0619074957475637 0.0502564009020204 0.851924860853432 0.551 0.705 0.701 0.721 0.34 0.587 0.656 0.414
26 "CapsuleDef3" 0.2 35 0.5 40 4 0.5 "fit_SVM_borderline_smote_type2" 0.0498212033399487 0.0619074957475637 0.0502564009020204 0.851924860853432 0.553 0.711 0.71 0.713 0.349 0.61 0.692 0.414
27 "CapsuleDef3" 0.2 35 0.5 40 6 0.5 "fit_RF_all" 0.0498212033399487 0.0619074957475637 0.0502564009020204 0.851924860853432 0.6 0.772 0.787 0.717 0.352 0.693 0.887 0.369
27 "CapsuleDef3" 0.2 35 0.5 40 6 0.5 "fit_RF_sbc" 0.0498212033399487 0.0619074957475637 0.0502564009020204 0.851924860853432 0.226 0.278 0.238 0.82 0.202 0.249 0.212 0.808
27 "CapsuleDef3" 0.2 35 0.5 40 6 0.5 "fit_RF_ros" 0.0498212033399487 0.0619074957475637 0.0502564009020204 0.851924860853432 0.599 0.77 0.785 0.717 0.435 0.672 0.724 0.522
27 "CapsuleDef3" 0.2 35 0.5 40 6 0.5 "fit_RF_rus" 0.0498212033399487 0.0619074957475637 0.0502564009020204 0.851924860853432 0.391 0.485 0.444 0.764 0.359 0.455 0.416 0.725
27 "CapsuleDef3" 0.2 35 0.5 40 6 0.5 "fit_RF_smote" 0.0498212033399487 0.0619074957475637 0.0502564009020204 0.851924860853432 0.6 0.771 0.786 0.717 0.5 0.655 0.648 0.687
27 "CapsuleDef3" 0.2 35 0.5 40 6 0.5 "fit_RF_borderline_smote_type1" 0.0498212033399487 0.0619074957475637 0.0502564009020204 0.851924860853432 0.6 0.772 0.787 0.717 0.499 0.67 0.674 0.658
27 "CapsuleDef3" 0.2 35 0.5 40 6 0.5 "fit_RF_borderline_smote_type2" 0.0498212033399487 0.0619074957475637 0.0502564009020204 0.851924860853432 0.6 0.772 0.787 0.717 0.394 0.654 0.729 0.461
27 "CapsuleDef3" 0.2 35 0.5 40 6 0.5 "fit_SVM_all" 0.0498212033399487 0.0619074957475637 0.0502564009020204 0.851924860853432 0.537 0.712 0.721 0.679 0.378 0.614 0.668 0.465
27 "CapsuleDef3" 0.2 35 0.5 40 6 0.5 "fit_SVM_sbc" 0.0498212033399487 0.0619074957475637 0.0502564009020204 0.851924860853432 0.226 0.277 0.238 0.82 0.193 0.239 0.204 0.782
27 "CapsuleDef3" 0.2 35 0.5 40 6 0.5 "fit_SVM_ros" 0.0498212033399487 0.0619074957475637 0.0502564009020204 0.851924860853432 0.555 0.712 0.711 0.717 0.347 0.589 0.651 0.426
27 "CapsuleDef3" 0.2 35 0.5 40 6 0.5 "fit_SVM_rus" 0.0498212033399487 0.0619074957475637 0.0502564009020204 0.851924860853432 0.319 0.395 0.352 0.772 0.236 0.306 0.27 0.656
27 "CapsuleDef3" 0.2 35 0.5 40 6 0.5 "fit_SVM_smote" 0.0498212033399487 0.0619074957475637 0.0502564009020204 0.851924860853432 0.534 0.66 0.638 0.767 0.373 0.619 0.682 0.451
27 "CapsuleDef3" 0.2 35 0.5 40 6 0.5 "fit_SVM_borderline_smote_type1" 0.0498212033399487 0.0619074957475637 0.0502564009020204 0.851924860853432 0.536 0.683 0.673 0.724 0.353 0.607 0.681 0.423
27 "CapsuleDef3" 0.2 35 0.5 40 6 0.5 "fit_SVM_borderline_smote_type2" 0.0498212033399487 0.0619074957475637 0.0502564009020204 0.851924860853432 0.554 0.694 0.681 0.748 0.318 0.584 0.681 0.374
28 "CapsuleDef3" 0.2 35 0.5 48 3 0.5 "fit_RF_all" 0.0498212033399487 0.0619074957475637 0.0502564009020204 0.851924860853432 0.6 0.772 0.787 0.717 0.299 0.653 0.906 0.309
28 "CapsuleDef3" 0.2 35 0.5 48 3 0.5 "fit_RF_sbc" 0.0498212033399487 0.0619074957475637 0.0502564009020204 0.851924860853432 0.297 0.362 0.318 0.813 0.204 0.252 0.215 0.808
28 "CapsuleDef3" 0.2 35 0.5 48 3 0.5 "fit_RF_ros" 0.0498212033399487 0.0619074957475637 0.0502564009020204 0.851924860853432 0.6 0.772 0.787 0.717 0.439 0.679 0.734 0.522
28 "CapsuleDef3" 0.2 35 0.5 48 3 0.5 "fit_RF_rus" 0.0498212033399487 0.0619074957475637 0.0502564009020204 0.851924860853432 0.213 0.263 0.225 0.793 0.142 0.178 0.15 0.724
28 "CapsuleDef3" 0.2 35 0.5 48 3 0.5 "fit_RF_smote" 0.0498212033399487 0.0619074957475637 0.0502564009020204 0.851924860853432 0.6 0.772 0.787 0.717 0.451 0.596 0.579 0.672
28 "CapsuleDef3" 0.2 35 0.5 48 3 0.5 "fit_RF_borderline_smote_type1" 0.0498212033399487 0.0619074957475637 0.0502564009020204 0.851924860853432 0.6 0.772 0.787 0.717 0.481 0.669 0.683 0.619
28 "CapsuleDef3" 0.2 35 0.5 48 3 0.5 "fit_RF_borderline_smote_type2" 0.0498212033399487 0.0619074957475637 0.0502564009020204 0.851924860853432 0.6 0.772 0.787 0.717 0.413 0.671 0.744 0.481
28 "CapsuleDef3" 0.2 35 0.5 48 3 0.5 "fit_SVM_all" 0.0498212033399487 0.0619074957475637 0.0502564009020204 0.851924860853432 0.552 0.699 0.691 0.733 0.351 0.572 0.613 0.45
28 "CapsuleDef3" 0.2 35 0.5 48 3 0.5 "fit_SVM_sbc" 0.0498212033399487 0.0619074957475637 0.0502564009020204 0.851924860853432 0.245 0.3 0.259 0.824 0.202 0.249 0.212 0.797
28 "CapsuleDef3" 0.2 35 0.5 48 3 0.5 "fit_SVM_ros" 0.0498212033399487 0.0619074957475637 0.0502564009020204 0.851924860853432 0.56 0.691 0.675 0.767 0.385 0.591 0.617 0.506
28 "CapsuleDef3" 0.2 35 0.5 48 3 0.5 "fit_SVM_rus" 0.0498212033399487 0.0619074957475637 0.0502564009020204 0.851924860853432 0.344 0.418 0.372 0.817 0.246 0.313 0.275 0.697
28 "CapsuleDef3" 0.2 35 0.5 48 3 0.5 "fit_SVM_smote" 0.0498212033399487 0.0619074957475637 0.0502564009020204 0.851924860853432 0.529 0.653 0.63 0.767 0.421 0.616 0.632 0.557
28 "CapsuleDef3" 0.2 35 0.5 48 3 0.5 "fit_SVM_borderline_smote_type1" 0.0498212033399487 0.0619074957475637 0.0502564009020204 0.851924860853432 0.552 0.706 0.703 0.721 0.323 0.562 0.626 0.4
28 "CapsuleDef3" 0.2 35 0.5 48 3 0.5 "fit_SVM_borderline_smote_type2" 0.0498212033399487 0.0619074957475637 0.0502564009020204 0.851924860853432 0.562 0.698 0.684 0.759 0.349 0.569 0.609 0.45
29 "CapsuleDef3" 0.2 35 0.5 48 4 0.5 "fit_RF_all" 0.0498212033399487 0.0619074957475637 0.0502564009020204 0.851924860853432 0.599 0.77 0.785 0.717 0.249 0.587 0.857 0.26
29 "CapsuleDef3" 0.2 35 0.5 48 4 0.5 "fit_RF_sbc" 0.0498212033399487 0.0619074957475637 0.0502564009020204 0.851924860853432 0.297 0.363 0.318 0.813 0.212 0.262 0.224 0.802
29 "CapsuleDef3" 0.2 35 0.5 48 4 0.5 "fit_RF_ros" 0.0498212033399487 0.0619074957475637 0.0502564009020204 0.851924860853432 0.6 0.772 0.787 0.717 0.394 0.62 0.664 0.492
29 "CapsuleDef3" 0.2 35 0.5 48 4 0.5 "fit_RF_rus" 0.0498212033399487 0.0619074957475637 0.0502564009020204 0.851924860853432 0.4 0.486 0.442 0.807 0.295 0.364 0.321 0.787
29 "CapsuleDef3" 0.2 35 0.5 48 4 0.5 "fit_RF_smote" 0.0498212033399487 0.0619074957475637 0.0502564009020204 0.851924860853432 0.6 0.772 0.787 0.717 0.428 0.563 0.541 0.672
29 "CapsuleDef3" 0.2 35 0.5 48 4 0.5 "fit_RF_borderline_smote_type1" 0.0498212033399487 0.0619074957475637 0.0502564009020204 0.851924860853432 0.6 0.772 0.787 0.717 0.417 0.553 0.532 0.66
29 "CapsuleDef3" 0.2 35 0.5 48 4 0.5 "fit_RF_borderline_smote_type2" 0.0498212033399487 0.0619074957475637 0.0502564009020204 0.851924860853432 0.6 0.772 0.787 0.717 0.394 0.632 0.685 0.481
29 "CapsuleDef3" 0.2 35 0.5 48 4 0.5 "fit_SVM_all" 0.0498212033399487 0.0619074957475637 0.0502564009020204 0.851924860853432 0.592 0.769 0.787 0.705 0.262 0.501 0.581 0.323
29 "CapsuleDef3" 0.2 35 0.5 48 4 0.5 "fit_SVM_sbc" 0.0498212033399487 0.0619074957475637 0.0502564009020204 0.851924860853432 0.28 0.342 0.298 0.821 0.225 0.278 0.24 0.782
29 "CapsuleDef3" 0.2 35 0.5 48 4 0.5 "fit_SVM_ros" 0.0498212033399487 0.0619074957475637 0.0502564009020204 0.851924860853432 0.595 0.76 0.77 0.724 0.349 0.609 0.691 0.413
29 "CapsuleDef3" 0.2 35 0.5 48 4 0.5 "fit_SVM_rus" 0.0498212033399487 0.0619074957475637 0.0502564009020204 0.851924860853432 0.361 0.442 0.397 0.799 0.32 0.4 0.358 0.747
29 "CapsuleDef3" 0.2 35 0.5 48 4 0.5 "fit_SVM_smote" 0.0498212033399487 0.0619074957475637 0.0502564009020204 0.851924860853432 0.54 0.688 0.68 0.724 0.398 0.589 0.602 0.54
29 "CapsuleDef3" 0.2 35 0.5 48 4 0.5 "fit_SVM_borderline_smote_type1" 0.0498212033399487 0.0619074957475637 0.0502564009020204 0.851924860853432 0.532 0.68 0.671 0.721 0.352 0.598 0.664 0.429
29 "CapsuleDef3" 0.2 35 0.5 48 4 0.5 "fit_SVM_borderline_smote_type2" 0.0498212033399487 0.0619074957475637 0.0502564009020204 0.851924860853432 0.55 0.704 0.7 0.721 0.363 0.623 0.702 0.429
30 "CapsuleDef3" 0.2 35 0.5 48 6 0.5 "fit_RF_all" 0.0498212033399487 0.0619074957475637 0.0502564009020204 0.851924860853432 0.6 0.772 0.787 0.717 0.352 0.693 0.887 0.369
30 "CapsuleDef3" 0.2 35 0.5 48 6 0.5 "fit_RF_sbc" 0.0498212033399487 0.0619074957475637 0.0502564009020204 0.851924860853432 0.283 0.347 0.303 0.813 0.21 0.26 0.223 0.782
30 "CapsuleDef3" 0.2 35 0.5 48 6 0.5 "fit_RF_ros" 0.0498212033399487 0.0619074957475637 0.0502564009020204 0.851924860853432 0.599 0.77 0.785 0.717 0.441 0.677 0.728 0.529
30 "CapsuleDef3" 0.2 35 0.5 48 6 0.5 "fit_RF_rus" 0.0498212033399487 0.0619074957475637 0.0502564009020204 0.851924860853432 0.387 0.474 0.431 0.793 0.26 0.33 0.292 0.703
30 "CapsuleDef3" 0.2 35 0.5 48 6 0.5 "fit_RF_smote" 0.0498212033399487 0.0619074957475637 0.0502564009020204 0.851924860853432 0.6 0.772 0.787 0.717 0.48 0.635 0.627 0.672
30 "CapsuleDef3" 0.2 35 0.5 48 6 0.5 "fit_RF_borderline_smote_type1" 0.0498212033399487 0.0619074957475637 0.0502564009020204 0.851924860853432 0.6 0.771 0.786 0.717 0.47 0.648 0.654 0.625
30 "CapsuleDef3" 0.2 35 0.5 48 6 0.5 "fit_RF_borderline_smote_type2" 0.0498212033399487 0.0619074957475637 0.0502564009020204 0.851924860853432 0.6 0.772 0.787 0.717 0.399 0.636 0.689 0.487
30 "CapsuleDef3" 0.2 35 0.5 48 6 0.5 "fit_SVM_all" 0.0498212033399487 0.0619074957475637 0.0502564009020204 0.851924860853432 0.539 0.714 0.723 0.679 0.295 0.519 0.573 0.378
30 "CapsuleDef3" 0.2 35 0.5 48 6 0.5 "fit_SVM_sbc" 0.0498212033399487 0.0619074957475637 0.0502564009020204 0.851924860853432 0.264 0.323 0.281 0.817 0.213 0.267 0.231 0.726
30 "CapsuleDef3" 0.2 35 0.5 48 6 0.5 "fit_SVM_ros" 0.0498212033399487 0.0619074957475637 0.0502564009020204 0.851924860853432 0.6 0.772 0.787 0.717 0.339 0.579 0.639 0.42
30 "CapsuleDef3" 0.2 35 0.5 48 6 0.5 "fit_SVM_rus" 0.0498212033399487 0.0619074957475637 0.0502564009020204 0.851924860853432 0.319 0.389 0.344 0.815 0.245 0.313 0.276 0.683
30 "CapsuleDef3" 0.2 35 0.5 48 6 0.5 "fit_SVM_smote" 0.0498212033399487 0.0619074957475637 0.0502564009020204 0.851924860853432 0.528 0.673 0.661 0.724 0.361 0.609 0.676 0.436
30 "CapsuleDef3" 0.2 35 0.5 48 6 0.5 "fit_SVM_borderline_smote_type1" 0.0498212033399487 0.0619074957475637 0.0502564009020204 0.851924860853432 0.557 0.714 0.713 0.717 0.362 0.639 0.739 0.415
30 "CapsuleDef3" 0.2 35 0.5 48 6 0.5 "fit_SVM_borderline_smote_type2" 0.0498212033399487 0.0619074957475637 0.0502564009020204 0.851924860853432 0.597 0.763 0.773 0.724 0.228 0.475 0.583 0.272
31 "CapsuleDef3" 0.4 35 0.5 40 3 0.5 "fit_RF_all" 0.0498212033399487 0.0619074957475637 0.0502564009020204 0.851924860853432 0.6 0.772 0.787 0.717 0.222 0.533 0.773 0.237
31 "CapsuleDef3" 0.4 35 0.5 40 3 0.5 "fit_RF_sbc" 0.0498212033399487 0.0619074957475637 0.0502564009020204 0.851924860853432 0.182 0.224 0.19 0.813 0.133 0.166 0.139 0.768
31 "CapsuleDef3" 0.4 35 0.5 40 3 0.5 "fit_RF_ros" 0.0498212033399487 0.0619074957475637 0.0502564009020204 0.851924860853432 0.6 0.772 0.787 0.717 0.324 0.645 0.818 0.349
31 "CapsuleDef3" 0.4 35 0.5 40 3 0.5 "fit_RF_rus" 0.0498212033399487 0.0619074957475637 0.0502564009020204 0.851924860853432 0.188 0.232 0.197 0.806 0.139 0.172 0.144 0.785
31 "CapsuleDef3" 0.4 35 0.5 40 3 0.5 "fit_RF_smote" 0.0498212033399487 0.0619074957475637 0.0502564009020204 0.851924860853432 0.6 0.772 0.787 0.717 0.484 0.632 0.619 0.69
31 "CapsuleDef3" 0.4 35 0.5 40 3 0.5 "fit_RF_borderline_smote_type1" 0.0498212033399487 0.0619074957475637 0.0502564009020204 0.851924860853432 0.6 0.772 0.787 0.717 0.429 0.723 0.837 0.468
31 "CapsuleDef3" 0.4 35 0.5 40 3 0.5 "fit_RF_borderline_smote_type2" 0.0498212033399487 0.0619074957475637 0.0502564009020204 0.851924860853432 0.6 0.772 0.787 0.717 0.461 0.707 0.768 0.535
31 "CapsuleDef3" 0.4 35 0.5 40 3 0.5 "fit_SVM_all" 0.0498212033399487 0.0619074957475637 0.0502564009020204 0.851924860853432 0.591 0.77 0.789 0.702 0.361 0.617 0.693 0.43
31 "CapsuleDef3" 0.4 35 0.5 40 3 0.5 "fit_SVM_sbc" 0.0498212033399487 0.0619074957475637 0.0502564009020204 0.851924860853432 0.135 0.167 0.139 0.832 0.095 0.119 0.098 0.798
31 "CapsuleDef3" 0.4 35 0.5 40 3 0.5 "fit_SVM_ros" 0.0498212033399487 0.0619074957475637 0.0502564009020204 0.851924860853432 0.591 0.759 0.77 0.717 0.385 0.614 0.659 0.481
31 "CapsuleDef3" 0.4 35 0.5 40 3 0.5 "fit_SVM_rus" 0.0498212033399487 0.0619074957475637 0.0502564009020204 0.851924860853432 0.155 0.191 0.16 0.82 0.126 0.157 0.13 0.796
31 "CapsuleDef3" 0.4 35 0.5 40 3 0.5 "fit_SVM_smote" 0.0498212033399487 0.0619074957475637 0.0502564009020204 0.851924860853432 0.538 0.665 0.644 0.767 0.464 0.61 0.595 0.677
31 "CapsuleDef3" 0.4 35 0.5 40 3 0.5 "fit_SVM_borderline_smote_type1" 0.0498212033399487 0.0619074957475637 0.0502564009020204 0.851924860853432 0.539 0.693 0.688 0.713 0.431 0.574 0.556 0.656
31 "CapsuleDef3" 0.4 35 0.5 40 3 0.5 "fit_SVM_borderline_smote_type2" 0.0498212033399487 0.0619074957475637 0.0502564009020204 0.851924860853432 0.572 0.751 0.767 0.692 0.388 0.639 0.707 0.463
32 "CapsuleDef3" 0.4 35 0.5 40 4 0.5 "fit_RF_all" 0.0498212033399487 0.0619074957475637 0.0502564009020204 0.851924860853432 0.6 0.772 0.787 0.717 0.247 0.589 0.871 0.256
32 "CapsuleDef3" 0.4 35 0.5 40 4 0.5 "fit_RF_sbc" 0.0498212033399487 0.0619074957475637 0.0502564009020204 0.851924860853432 0.238 0.292 0.252 0.82 0.229 0.286 0.248 0.751
32 "CapsuleDef3" 0.4 35 0.5 40 4 0.5 "fit_RF_ros" 0.0498212033399487 0.0619074957475637 0.0502564009020204 0.851924860853432 0.6 0.772 0.787 0.717 0.389 0.65 0.728 0.455
32 "CapsuleDef3" 0.4 35 0.5 40 4 0.5 "fit_RF_rus" 0.0498212033399487 0.0619074957475637 0.0502564009020204 0.851924860853432 0.393 0.49 0.451 0.753 0.252 0.323 0.286 0.684
32 "CapsuleDef3" 0.4 35 0.5 40 4 0.5 "fit_RF_smote" 0.0498212033399487 0.0619074957475637 0.0502564009020204 0.851924860853432 0.6 0.772 0.787 0.717 0.508 0.665 0.659 0.69
32 "CapsuleDef3" 0.4 35 0.5 40 4 0.5 "fit_RF_borderline_smote_type1" 0.0498212033399487 0.0619074957475637 0.0502564009020204 0.851924860853432 0.6 0.772 0.787 0.717 0.448 0.715 0.797 0.506
32 "CapsuleDef3" 0.4 35 0.5 40 4 0.5 "fit_RF_borderline_smote_type2" 0.0498212033399487 0.0619074957475637 0.0502564009020204 0.851924860853432 0.6 0.772 0.787 0.717 0.464 0.706 0.764 0.542
32 "CapsuleDef3" 0.4 35 0.5 40 4 0.5 "fit_SVM_all" 0.0498212033399487 0.0619074957475637 0.0502564009020204 0.851924860853432 0.591 0.771 0.79 0.702 0.341 0.62 0.725 0.392
32 "CapsuleDef3" 0.4 35 0.5 40 4 0.5 "fit_SVM_sbc" 0.0498212033399487 0.0619074957475637 0.0502564009020204 0.851924860853432 0.197 0.241 0.205 0.833 0.165 0.205 0.173 0.766
32 "CapsuleDef3" 0.4 35 0.5 40 4 0.5 "fit_SVM_ros" 0.0498212033399487 0.0619074957475637 0.0502564009020204 0.851924860853432 0.591 0.759 0.77 0.717 0.352 0.595 0.657 0.431
32 "CapsuleDef3" 0.4 35 0.5 40 4 0.5 "fit_SVM_rus" 0.0498212033399487 0.0619074957475637 0.0502564009020204 0.851924860853432 0.262 0.326 0.285 0.764 0.191 0.249 0.217 0.619
32 "CapsuleDef3" 0.4 35 0.5 40 4 0.5 "fit_SVM_smote" 0.0498212033399487 0.0619074957475637 0.0502564009020204 0.851924860853432 0.591 0.759 0.77 0.717 0.326 0.536 0.57 0.432
32 "CapsuleDef3" 0.4 35 0.5 40 4 0.5 "fit_SVM_borderline_smote_type1" 0.0498212033399487 0.0619074957475637 0.0502564009020204 0.851924860853432 0.541 0.686 0.676 0.73 0.46 0.603 0.587 0.68
32 "CapsuleDef3" 0.4 35 0.5 40 4 0.5 "fit_SVM_borderline_smote_type2" 0.0498212033399487 0.0619074957475637 0.0502564009020204 0.851924860853432 0.592 0.761 0.773 0.716 0.361 0.609 0.675 0.438
33 "CapsuleDef3" 0.4 35 0.5 40 6 0.5 "fit_RF_all" 0.0498212033399487 0.0619074957475637 0.0502564009020204 0.851924860853432 0.6 0.772 0.787 0.717 0.281 0.593 0.773 0.307
33 "CapsuleDef3" 0.4 35 0.5 40 6 0.5 "fit_RF_sbc" 0.0498212033399487 0.0619074957475637 0.0502564009020204 0.851924860853432 0.279 0.342 0.299 0.81 0.27 0.34 0.3 0.73
33 "CapsuleDef3" 0.4 35 0.5 40 6 0.5 "fit_RF_ros" 0.0498212033399487 0.0619074957475637 0.0502564009020204 0.851924860853432 0.6 0.772 0.787 0.717 0.271 0.583 0.772 0.295
33 "CapsuleDef3" 0.4 35 0.5 40 6 0.5 "fit_RF_rus" 0.0498212033399487 0.0619074957475637 0.0502564009020204 0.851924860853432 0.281 0.346 0.304 0.793 0.193 0.244 0.209 0.714
33 "CapsuleDef3" 0.4 35 0.5 40 6 0.5 "fit_RF_smote" 0.0498212033399487 0.0619074957475637 0.0502564009020204 0.851924860853432 0.6 0.772 0.787 0.717 0.533 0.699 0.701 0.69
33 "CapsuleDef3" 0.4 35 0.5 40 6 0.5 "fit_RF_borderline_smote_type1" 0.0498212033399487 0.0619074957475637 0.0502564009020204 0.851924860853432 0.6 0.772 0.787 0.717 0.423 0.677 0.747 0.494
33 "CapsuleDef3" 0.4 35 0.5 40 6 0.5 "fit_RF_borderline_smote_type2" 0.0498212033399487 0.0619074957475637 0.0502564009020204 0.851924860853432 0.6 0.772 0.787 0.717 0.478 0.705 0.75 0.569
33 "CapsuleDef3" 0.4 35 0.5 40 6 0.5 "fit_SVM_all" 0.0498212033399487 0.0619074957475637 0.0502564009020204 0.851924860853432 0.592 0.769 0.786 0.705 0.386 0.726 0.91 0.401
33 "CapsuleDef3" 0.4 35 0.5 40 6 0.5 "fit_SVM_sbc" 0.0498212033399487 0.0619074957475637 0.0502564009020204 0.851924860853432 0.22 0.27 0.231 0.815 0.246 0.311 0.273 0.71
33 "CapsuleDef3" 0.4 35 0.5 40 6 0.5 "fit_SVM_ros" 0.0498212033399487 0.0619074957475637 0.0502564009020204 0.851924860853432 0.599 0.77 0.785 0.717 0.367 0.709 0.9 0.383
33 "CapsuleDef3" 0.4 35 0.5 40 6 0.5 "fit_SVM_rus" 0.0498212033399487 0.0619074957475637 0.0502564009020204 0.851924860853432 0.162 0.2 0.169 0.807 0.135 0.169 0.142 0.747
33 "CapsuleDef3" 0.4 35 0.5 40 6 0.5 "fit_SVM_smote" 0.0498212033399487 0.0619074957475637 0.0502564009020204 0.851924860853432 0.589 0.756 0.767 0.717 0.437 0.654 0.688 0.545
33 "CapsuleDef3" 0.4 35 0.5 40 6 0.5 "fit_SVM_borderline_smote_type1" 0.0498212033399487 0.0619074957475637 0.0502564009020204 0.851924860853432 0.59 0.759 0.77 0.717 0.444 0.678 0.727 0.533
33 "CapsuleDef3" 0.4 35 0.5 40 6 0.5 "fit_SVM_borderline_smote_type2" 0.0498212033399487 0.0619074957475637 0.0502564009020204 0.851924860853432 0.592 0.769 0.786 0.705 0.45 0.717 0.8 0.507
34 "CapsuleDef3" 0.4 35 0.5 48 3 0.5 "fit_RF_all" 0.0498212033399487 0.0619074957475637 0.0502564009020204 0.851924860853432 0.6 0.772 0.787 0.717 0.222 0.533 0.773 0.237
34 "CapsuleDef3" 0.4 35 0.5 48 3 0.5 "fit_RF_sbc" 0.0498212033399487 0.0619074957475637 0.0502564009020204 0.851924860853432 0.209 0.257 0.22 0.81 0.195 0.241 0.206 0.782
34 "CapsuleDef3" 0.4 35 0.5 48 3 0.5 "fit_RF_ros" 0.0498212033399487 0.0619074957475637 0.0502564009020204 0.851924860853432 0.6 0.772 0.787 0.717 0.442 0.692 0.757 0.515
34 "CapsuleDef3" 0.4 35 0.5 48 3 0.5 "fit_RF_rus" 0.0498212033399487 0.0619074957475637 0.0502564009020204 0.851924860853432 0.252 0.31 0.269 0.796 0.21 0.263 0.226 0.745
34 "CapsuleDef3" 0.4 35 0.5 48 3 0.5 "fit_RF_smote" 0.0498212033399487 0.0619074957475637 0.0502564009020204 0.851924860853432 0.6 0.772 0.787 0.717 0.491 0.632 0.615 0.709
34 "CapsuleDef3" 0.4 35 0.5 48 3 0.5 "fit_RF_borderline_smote_type1" 0.0498212033399487 0.0619074957475637 0.0502564009020204 0.851924860853432 0.6 0.772 0.787 0.717 0.476 0.756 0.855 0.518
34 "CapsuleDef3" 0.4 35 0.5 48 3 0.5 "fit_RF_borderline_smote_type2" 0.0498212033399487 0.0619074957475637 0.0502564009020204 0.851924860853432 0.6 0.772 0.787 0.717 0.423 0.68 0.752 0.492
34 "CapsuleDef3" 0.4 35 0.5 48 3 0.5 "fit_SVM_all" 0.0498212033399487 0.0619074957475637 0.0502564009020204 0.851924860853432 0.575 0.763 0.787 0.681 0.343 0.596 0.671 0.412
34 "CapsuleDef3" 0.4 35 0.5 48 3 0.5 "fit_SVM_sbc" 0.0498212033399487 0.0619074957475637 0.0502564009020204 0.851924860853432 0.129 0.159 0.133 0.821 0.093 0.115 0.095 0.787
34 "CapsuleDef3" 0.4 35 0.5 48 3 0.5 "fit_SVM_ros" 0.0498212033399487 0.0619074957475637 0.0502564009020204 0.851924860853432 0.591 0.759 0.77 0.717 0.419 0.613 0.63 0.555
34 "CapsuleDef3" 0.4 35 0.5 48 3 0.5 "fit_SVM_rus" 0.0498212033399487 0.0619074957475637 0.0502564009020204 0.851924860853432 0.209 0.258 0.221 0.8 0.167 0.207 0.175 0.782
34 "CapsuleDef3" 0.4 35 0.5 48 3 0.5 "fit_SVM_smote" 0.0498212033399487 0.0619074957475637 0.0502564009020204 0.851924860853432 0.538 0.665 0.644 0.767 0.45 0.59 0.572 0.679
34 "CapsuleDef3" 0.4 35 0.5 48 3 0.5 "fit_SVM_borderline_smote_type1" 0.0498212033399487 0.0619074957475637 0.0502564009020204 0.851924860853432 0.535 0.69 0.686 0.708 0.427 0.57 0.552 0.655
34 "CapsuleDef3" 0.4 35 0.5 48 3 0.5 "fit_SVM_borderline_smote_type2" 0.0498212033399487 0.0619074957475637 0.0502564009020204 0.851924860853432 0.582 0.765 0.786 0.692 0.363 0.578 0.613 0.471
35 "CapsuleDef3" 0.4 35 0.5 48 4 0.5 "fit_RF_all" 0.0498212033399487 0.0619074957475637 0.0502564009020204 0.851924860853432 0.6 0.772 0.787 0.717 0.283 0.599 0.787 0.307
35 "CapsuleDef3" 0.4 35 0.5 48 4 0.5 "fit_RF_sbc" 0.0498212033399487 0.0619074957475637 0.0502564009020204 0.851924860853432 0.199 0.248 0.212 0.768 0.187 0.235 0.201 0.733
35 "CapsuleDef3" 0.4 35 0.5 48 4 0.5 "fit_RF_ros" 0.0498212033399487 0.0619074957475637 0.0502564009020204 0.851924860853432 0.6 0.772 0.787 0.717 0.445 0.692 0.753 0.521
35 "CapsuleDef3" 0.4 35 0.5 48 4 0.5 "fit_RF_rus" 0.0498212033399487 0.0619074957475637 0.0502564009020204 0.851924860853432 0.203 0.251 0.214 0.796 0.193 0.242 0.207 0.748
35 "CapsuleDef3" 0.4 35 0.5 48 4 0.5 "fit_RF_smote" 0.0498212033399487 0.0619074957475637 0.0502564009020204 0.851924860853432 0.6 0.771 0.786 0.717 0.527 0.679 0.672 0.709
35 "CapsuleDef3" 0.4 35 0.5 48 4 0.5 "fit_RF_borderline_smote_type1" 0.0498212033399487 0.0619074957475637 0.0502564009020204 0.851924860853432 0.6 0.772 0.787 0.717 0.459 0.723 0.803 0.518
35 "CapsuleDef3" 0.4 35 0.5 48 4 0.5 "fit_RF_borderline_smote_type2" 0.0498212033399487 0.0619074957475637 0.0502564009020204 0.851924860853432 0.6 0.772 0.787 0.717 0.49 0.725 0.779 0.569
35 "CapsuleDef3" 0.4 35 0.5 48 4 0.5 "fit_SVM_all" 0.0498212033399487 0.0619074957475637 0.0502564009020204 0.851924860853432 0.591 0.771 0.79 0.702 0.352 0.627 0.725 0.406
35 "CapsuleDef3" 0.4 35 0.5 48 4 0.5 "fit_SVM_sbc" 0.0498212033399487 0.0619074957475637 0.0502564009020204 0.851924860853432 0.141 0.176 0.147 0.778 0.116 0.145 0.12 0.77
35 "CapsuleDef3" 0.4 35 0.5 48 4 0.5 "fit_SVM_ros" 0.0498212033399487 0.0619074957475637 0.0502564009020204 0.851924860853432 0.6 0.772 0.787 0.717 0.362 0.602 0.661 0.445
35 "CapsuleDef3" 0.4 35 0.5 48 4 0.5 "fit_SVM_rus" 0.0498212033399487 0.0619074957475637 0.0502564009020204 0.851924860853432 0.179 0.221 0.187 0.799 0.145 0.18 0.15 0.804
35 "CapsuleDef3" 0.4 35 0.5 48 4 0.5 "fit_SVM_smote" 0.0498212033399487 0.0619074957475637 0.0502564009020204 0.851924860853432 0.545 0.677 0.659 0.759 0.379 0.497 0.467 0.669
35 "CapsuleDef3" 0.4 35 0.5 48 4 0.5 "fit_SVM_borderline_smote_type1" 0.0498212033399487 0.0619074957475637 0.0502564009020204 0.851924860853432 0.591 0.761 0.774 0.713 0.46 0.597 0.577 0.695
35 "CapsuleDef3" 0.4 35 0.5 48 4 0.5 "fit_SVM_borderline_smote_type2" 0.0498212033399487 0.0619074957475637 0.0502564009020204 0.851924860853432 0.591 0.771 0.79 0.702 0.37 0.611 0.67 0.453
36 "CapsuleDef3" 0.4 35 0.5 48 6 0.5 "fit_RF_all" 0.0498212033399487 0.0619074957475637 0.0502564009020204 0.851924860853432 0.6 0.771 0.786 0.717 0.28 0.588 0.763 0.307
36 "CapsuleDef3" 0.4 35 0.5 48 6 0.5 "fit_RF_sbc" 0.0498212033399487 0.0619074957475637 0.0502564009020204 0.851924860853432 0.182 0.225 0.19 0.796 0.167 0.211 0.179 0.699
36 "CapsuleDef3" 0.4 35 0.5 48 6 0.5 "fit_RF_ros" 0.0498212033399487 0.0619074957475637 0.0502564009020204 0.851924860853432 0.6 0.772 0.787 0.717 0.399 0.686 0.794 0.445
36 "CapsuleDef3" 0.4 35 0.5 48 6 0.5 "fit_RF_rus" 0.0498212033399487 0.0619074957475637 0.0502564009020204 0.851924860853432 0.346 0.425 0.38 0.793 0.226 0.287 0.25 0.706
36 "CapsuleDef3" 0.4 35 0.5 48 6 0.5 "fit_RF_smote" 0.0498212033399487 0.0619074957475637 0.0502564009020204 0.851924860853432 0.598 0.769 0.783 0.717 0.442 0.576 0.554 0.686
36 "CapsuleDef3" 0.4 35 0.5 48 6 0.5 "fit_RF_borderline_smote_type1" 0.0498212033399487 0.0619074957475637 0.0502564009020204 0.851924860853432 0.6 0.772 0.787 0.717 0.409 0.614 0.638 0.532
36 "CapsuleDef3" 0.4 35 0.5 48 6 0.5 "fit_RF_borderline_smote_type2" 0.0498212033399487 0.0619074957475637 0.0502564009020204 0.851924860853432 0.6 0.772 0.787 0.717 0.497 0.715 0.753 0.594
36 "CapsuleDef3" 0.4 35 0.5 48 6 0.5 "fit_SVM_all" 0.0498212033399487 0.0619074957475637 0.0502564009020204 0.851924860853432 0.593 0.771 0.789 0.705 0.293 0.618 0.817 0.313
36 "CapsuleDef3" 0.4 35 0.5 48 6 0.5 "fit_SVM_sbc" 0.0498212033399487 0.0619074957475637 0.0502564009020204 0.851924860853432 0.199 0.244 0.208 0.817 0.186 0.23 0.196 0.789
36 "CapsuleDef3" 0.4 35 0.5 48 6 0.5 "fit_SVM_ros" 0.0498212033399487 0.0619074957475637 0.0502564009020204 0.851924860853432 0.6 0.772 0.787 0.717 0.29 0.571 0.696 0.332
36 "CapsuleDef3" 0.4 35 0.5 48 6 0.5 "fit_SVM_rus" 0.0498212033399487 0.0619074957475637 0.0502564009020204 0.851924860853432 0.251 0.309 0.268 0.804 0.212 0.269 0.233 0.7
36 "CapsuleDef3" 0.4 35 0.5 48 6 0.5 "fit_SVM_smote" 0.0498212033399487 0.0619074957475637 0.0502564009020204 0.851924860853432 0.579 0.743 0.75 0.717 0.467 0.645 0.651 0.623
36 "CapsuleDef3" 0.4 35 0.5 48 6 0.5 "fit_SVM_borderline_smote_type1" 0.0498212033399487 0.0619074957475637 0.0502564009020204 0.851924860853432 0.514 0.658 0.645 0.717 0.441 0.633 0.647 0.58
36 "CapsuleDef3" 0.4 35 0.5 48 6 0.5 "fit_SVM_borderline_smote_type2" 0.0498212033399487 0.0619074957475637 0.0502564009020204 0.851924860853432 0.592 0.769 0.787 0.705 0.362 0.634 0.727 0.419
